2025-08-28 00:10:00.210490 | Job console starting...
2025-08-28 00:10:00.213753 | Updating repositories
2025-08-28 00:10:00.507106 | Preparing job workspace
2025-08-28 00:10:17.284601 | Running Ansible setup...
2025-08-28 00:10:20.183091 | PRE-RUN START: [trusted : cinderci-sf.dev.purestorage.com/thirdparty-ci-config/playbooks/base/pre.yaml@master]
2025-08-28 00:10:20.649712 | 
2025-08-28 00:10:20.649806 | PLAY [localhost]
2025-08-28 00:10:20.656420 | 
2025-08-28 00:10:20.656497 | TASK [Gathering Facts]
2025-08-28 00:10:21.396921 | localhost | ok
2025-08-28 00:10:21.409079 | 
2025-08-28 00:10:21.409181 | TASK [Setup log path fact]
2025-08-28 00:10:21.424715 | localhost | ok
2025-08-28 00:10:21.435327 | 
2025-08-28 00:10:21.435404 | TASK [set-zuul-log-path-fact : Set log path for a build]
2025-08-28 00:10:21.450760 | localhost | ok
2025-08-28 00:10:21.457364 | 
2025-08-28 00:10:21.457450 | TASK [emit-job-header : Print job information]
2025-08-28 00:10:21.482550 | # Job Information
2025-08-28 00:10:21.482660 | Ansible Version: 2.15.10
2025-08-28 00:10:21.482689 | Job: pure-devstack-manila-tempest-aio-jammy
2025-08-28 00:10:21.482707 | Pipeline: thirdparty-check
2025-08-28 00:10:21.482723 | Executor: managesf.cinderci-sf.dev.purestorage.com
2025-08-28 00:10:21.482738 | Triggered by: https://review.opendev.org/c/openstack/manila/+/944031
2025-08-28 00:10:21.482757 | Log URL (when completed): http://openstack-logs.purestorage.com/726/third-party-ci/726b705c55ad4441ba82ca83f06ceb2d/
2025-08-28 00:10:21.482772 | Event ID: 2f4d875930004760824bc5b8be6542f9
2025-08-28 00:10:21.485981 | 
2025-08-28 00:10:21.486046 | LOOP [emit-job-header : Print node information]
2025-08-28 00:10:21.567363 | localhost | ok:
2025-08-28 00:10:21.567492 | localhost | # Node Information
2025-08-28 00:10:21.567517 | localhost | Inventory Hostname: controller
2025-08-28 00:10:21.567535 | localhost | Hostname: np0000032602
2025-08-28 00:10:21.567551 | localhost | Username: zuul
2025-08-28 00:10:21.567567 | localhost | Distro: Ubuntu 22.04
2025-08-28 00:10:21.567582 | localhost | Provider: cinderci
2025-08-28 00:10:21.567595 | localhost | Region: cinderci
2025-08-28 00:10:21.567609 | localhost | Label: dsvm-jammy-MANILA-aio
2025-08-28 00:10:21.567622 | localhost | Product Name: OpenStack Nova
2025-08-28 00:10:21.567634 | localhost | Interface IP: 192.168.1.113
2025-08-28 00:10:21.574901 | 
2025-08-28 00:10:21.574975 | TASK [log-inventory : Ensure Zuul Ansible directory exists]
2025-08-28 00:10:21.860139 | localhost -> localhost | changed
2025-08-28 00:10:21.865235 | 
2025-08-28 00:10:21.865308 | TASK [log-inventory : Copy ansible inventory to logs dir]
2025-08-28 00:10:22.513627 | localhost -> localhost | changed
2025-08-28 00:10:22.529515 | 
2025-08-28 00:10:22.529582 | PLAY [all]
2025-08-28 00:10:22.543138 | 
2025-08-28 00:10:22.543207 | TASK [include_role : start-zuul-console]
2025-08-28 00:10:22.559819 | controller | ok
2025-08-28 00:10:22.571361 | 
2025-08-28 00:10:22.571434 | TASK [start-zuul-console : Start zuul_console daemon.]
2025-08-28 00:10:22.810024 | controller | ok
2025-08-28 00:10:22.818819 | 
2025-08-28 00:10:22.818886 | TASK [include_role : validate-host]
2025-08-28 00:10:22.835529 | controller | ok
2025-08-28 00:10:22.851376 | 
2025-08-28 00:10:22.851452 | TASK [validate-host : Define zuul_info_dir fact]
2025-08-28 00:10:22.877981 | controller | ok
2025-08-28 00:10:22.882487 | 
2025-08-28 00:10:22.882547 | TASK [validate-host : Ensure Zuul Ansible directory exists]
2025-08-28 00:10:23.056203 | controller -> localhost | ok
2025-08-28 00:10:23.061654 | 
2025-08-28 00:10:23.061722 | TASK [validate-host : Collect information about the host]
2025-08-28 00:10:23.625301 | controller | ok
2025-08-28 00:10:23.633588 | 
2025-08-28 00:10:23.633657 | TASK [validate-host : Sanitize hostname]
2025-08-28 00:10:23.670266 | controller | ok
2025-08-28 00:10:23.675315 | 
2025-08-28 00:10:23.675396 | TASK [validate-host : Write out all ansible variables/facts known for each host]
2025-08-28 00:10:24.041032 | controller -> localhost | changed
2025-08-28 00:10:24.046210 | 
2025-08-28 00:10:24.046290 | TASK [validate-host : Collect information about zuul worker]
2025-08-28 00:10:24.304959 | controller | ok
2025-08-28 00:10:24.310176 | 
2025-08-28 00:10:24.310242 | TASK [validate-host : Write out all zuul information for each host]
2025-08-28 00:10:24.655895 | controller -> localhost | changed
2025-08-28 00:10:24.663853 | 
2025-08-28 00:10:24.663921 | TASK [include_role : prepare-workspace]
2025-08-28 00:10:24.680137 | controller | ok
2025-08-28 00:10:24.695902 | 
2025-08-28 00:10:24.695969 | TASK [prepare-workspace : Start zuul_console daemon.]
2025-08-28 00:10:24.833270 | controller | ok
2025-08-28 00:10:24.839088 | 
2025-08-28 00:10:24.839167 | TASK [prepare-workspace : Synchronize src repos to workspace directory.]
2025-08-28 00:11:40.299554 | controller | Output suppressed because no_log was given
2025-08-28 00:11:40.312490 | 
2025-08-28 00:11:40.312601 | TASK [include_role : add-build-sshkey]
2025-08-28 00:11:40.334398 | controller | ok
2025-08-28 00:11:40.362114 | 
2025-08-28 00:11:40.362227 | TASK [add-build-sshkey : Check to see if ssh key was already created for this build]
2025-08-28 00:11:40.538851 | controller -> localhost | ok
2025-08-28 00:11:40.544009 | 
2025-08-28 00:11:40.544088 | TASK [add-build-sshkey : Create a new key in workspace based on build UUID]
2025-08-28 00:11:40.570796 | controller | ok
2025-08-28 00:11:40.581600 | controller | included: /var/lib/zuul/builds/726b705c55ad4441ba82ca83f06ceb2d/trusted/project_1/opendev.org/zuul/zuul-jobs/roles/add-build-sshkey/tasks/create-key-and-replace.yaml
2025-08-28 00:11:40.587491 | 
2025-08-28 00:11:40.587561 | TASK [add-build-sshkey : Create Temp SSH key]
2025-08-28 00:11:41.079967 | controller -> localhost | Generating public/private rsa key pair.
2025-08-28 00:11:41.080186 | controller -> localhost | Your identification has been saved in /var/lib/zuul/builds/726b705c55ad4441ba82ca83f06ceb2d/work/726b705c55ad4441ba82ca83f06ceb2d_id_rsa.
2025-08-28 00:11:41.080228 | controller -> localhost | Your public key has been saved in /var/lib/zuul/builds/726b705c55ad4441ba82ca83f06ceb2d/work/726b705c55ad4441ba82ca83f06ceb2d_id_rsa.pub.
2025-08-28 00:11:41.080251 | controller -> localhost | The key fingerprint is:
2025-08-28 00:11:41.080275 | controller -> localhost | SHA256:NDwJn0hbZee5QCF8vhbouALPL8pEkmhfP8FhIymTMJ4 zuul-build-sshkey
2025-08-28 00:11:41.080300 | controller -> localhost | The key's randomart image is:
2025-08-28 00:11:41.080321 | controller -> localhost | +---[RSA 3072]----+
2025-08-28 00:11:41.080342 | controller -> localhost | | o    o.o.=..    |
2025-08-28 00:11:41.080369 | controller -> localhost | |. + ...B.*.o .   |
2025-08-28 00:11:41.080404 | controller -> localhost | | E + oo+O+. o    |
2025-08-28 00:11:41.080424 | controller -> localhost | |..  o +.+oo. .   |
2025-08-28 00:11:41.080442 | controller -> localhost | |+..  . =S  o.    |
2025-08-28 00:11:41.080460 | controller -> localhost | |.oo . o o o      |
2025-08-28 00:11:41.080478 | controller -> localhost | |  .=   + .       |
2025-08-28 00:11:41.080498 | controller -> localhost | | o  = . .        |
2025-08-28 00:11:41.080515 | controller -> localhost | |  o. +.          |
2025-08-28 00:11:41.080531 | controller -> localhost | +----[SHA256]-----+
2025-08-28 00:11:41.080601 | controller -> localhost | ok: Runtime: 0:00:00.174353
2025-08-28 00:11:41.085693 | 
2025-08-28 00:11:41.085772 | TASK [add-build-sshkey : Remote setup ssh keys (linux)]
2025-08-28 00:11:41.112871 | controller | ok
2025-08-28 00:11:41.120450 | controller | included: /var/lib/zuul/builds/726b705c55ad4441ba82ca83f06ceb2d/trusted/project_1/opendev.org/zuul/zuul-jobs/roles/add-build-sshkey/tasks/remote-linux.yaml
2025-08-28 00:11:41.127633 | 
2025-08-28 00:11:41.127704 | TASK [add-build-sshkey : Remove previously added zuul-build-sshkey]
2025-08-28 00:11:41.140781 | controller | skipping: Conditional result was False
2025-08-28 00:11:41.145768 | 
2025-08-28 00:11:41.145841 | TASK [add-build-sshkey : Enable access via build key on all nodes]
2025-08-28 00:11:41.657666 | controller | changed
2025-08-28 00:11:41.662313 | 
2025-08-28 00:11:41.662401 | TASK [add-build-sshkey : Make sure user has a .ssh]
2025-08-28 00:11:41.800797 | controller | ok
2025-08-28 00:11:41.806068 | 
2025-08-28 00:11:41.806156 | TASK [add-build-sshkey : Install build private key as SSH key on all nodes]
2025-08-28 00:11:42.116427 | controller | changed
2025-08-28 00:11:42.120902 | 
2025-08-28 00:11:42.120982 | TASK [add-build-sshkey : Install build public key as SSH key on all nodes]
2025-08-28 00:11:42.420954 | controller | changed
2025-08-28 00:11:42.425510 | 
2025-08-28 00:11:42.425584 | TASK [add-build-sshkey : Remote setup ssh keys (windows)]
2025-08-28 00:11:42.438338 | controller | skipping: Conditional result was False
2025-08-28 00:11:42.443153 | 
2025-08-28 00:11:42.443229 | TASK [remove-zuul-sshkey : Remove master key from local agent]
2025-08-28 00:11:42.729370 | controller -> localhost | changed
2025-08-28 00:11:42.739947 | 
2025-08-28 00:11:42.740055 | TASK [add-build-sshkey : Add back temp key]
2025-08-28 00:11:42.945237 | controller -> localhost | Identity added: /var/lib/zuul/builds/726b705c55ad4441ba82ca83f06ceb2d/work/726b705c55ad4441ba82ca83f06ceb2d_id_rsa (zuul-build-sshkey)
2025-08-28 00:11:42.945505 | controller -> localhost | ok: Runtime: 0:00:00.005680
2025-08-28 00:11:42.951745 | 
2025-08-28 00:11:42.951819 | TASK [add-build-sshkey : Verify we can still SSH to all nodes]
2025-08-28 00:11:43.192527 | controller | ok
2025-08-28 00:11:43.196902 | 
2025-08-28 00:11:43.196984 | TASK [add-build-sshkey : Verify we can still SSH to all nodes (windows)]
2025-08-28 00:11:43.220015 | controller | skipping: Conditional result was False
2025-08-28 00:11:43.229135 | 
2025-08-28 00:11:43.229218 | TASK [include_role : prepare-workspace-openshift]
2025-08-28 00:11:43.241861 | controller | skipping: Conditional result was False
2025-08-28 00:11:43.246527 | 
2025-08-28 00:11:43.246597 | TASK [include_role : remove-zuul-sshkey]
2025-08-28 00:11:43.259005 | controller | skipping: Conditional result was False
2025-08-28 00:11:43.263697 | 
2025-08-28 00:11:43.263765 | LOOP [ensure-output-dirs : Empty Zuul Output directories by removing them]
2025-08-28 00:11:43.405214 | controller | ok: "logs"
2025-08-28 00:11:43.405433 | controller | ok: All items complete
2025-08-28 00:11:43.405462 | 
2025-08-28 00:11:43.527137 | controller | ok: "artifacts"
2025-08-28 00:11:43.642649 | controller | ok: "docs"
2025-08-28 00:11:43.655008 | 
2025-08-28 00:11:43.655088 | LOOP [ensure-output-dirs : Ensure Zuul Output directories exist]
2025-08-28 00:11:43.798988 | controller | changed: "logs"
2025-08-28 00:11:43.919751 | controller | changed: "artifacts"
2025-08-28 00:11:44.038316 | controller | changed: "docs"
2025-08-28 00:11:44.060869 | 
2025-08-28 00:11:44.060945 | PLAY RECAP
2025-08-28 00:11:44.060982 | controller | ok: 23 changed: 10 unreachable: 0 failed: 0 skipped: 5 rescued: 0 ignored: 0
2025-08-28 00:11:44.061005 | localhost | ok: 6 changed: 2 unreachable: 0 failed: 0 skipped: 0 rescued: 0 ignored: 0
2025-08-28 00:11:44.061019 | 
2025-08-28 00:11:44.145328 | PRE-RUN END RESULT_NORMAL: [trusted : cinderci-sf.dev.purestorage.com/thirdparty-ci-config/playbooks/base/pre.yaml@master]
2025-08-28 00:11:44.149981 | PRE-RUN START: [untrusted : opendev.org/openstack/devstack/playbooks/pre.yaml@stable/2024.2]
2025-08-28 00:11:44.626486 | 
2025-08-28 00:11:44.626594 | PLAY [all]
2025-08-28 00:11:44.641521 | 
2025-08-28 00:11:44.641615 | TASK [Fix the permissions of the zuul home directory]
2025-08-28 00:11:45.023326 | controller | changed
2025-08-28 00:11:45.028612 | 
2025-08-28 00:11:45.028701 | TASK [Gather minimum local MTU]
2025-08-28 00:11:45.097462 | controller | ok
2025-08-28 00:11:45.102062 | 
2025-08-28 00:11:45.102149 | TASK [Calculate external_bridge_mtu]
2025-08-28 00:11:45.139365 | controller | ok
2025-08-28 00:11:45.153085 | 
2025-08-28 00:11:45.153184 | TASK [configure-swap : Set ephemeral device if /dev/xvde exists]
2025-08-28 00:11:45.176134 | controller | skipping: Conditional result was False
2025-08-28 00:11:45.182252 | 
2025-08-28 00:11:45.182335 | TASK [configure-swap : Get ephemeral0 device node]
2025-08-28 00:11:45.706308 | controller | ok: Runtime: 0:00:00.002458
2025-08-28 00:11:45.711542 | 
2025-08-28 00:11:45.711627 | TASK [configure-swap : Set ephemeral device if LABEL exists]
2025-08-28 00:11:45.734593 | controller | skipping: Conditional result was False
2025-08-28 00:11:45.739791 | 
2025-08-28 00:11:45.739862 | TASK [configure-swap : Setup swap on ephemeral storage]
2025-08-28 00:11:45.762459 | controller | skipping: Conditional result was False
2025-08-28 00:11:45.767524 | 
2025-08-28 00:11:45.767592 | TASK [configure-swap : Setup swap file on root device]
2025-08-28 00:11:45.804356 | controller | ok
2025-08-28 00:11:45.813051 | controller | included: /var/lib/zuul/builds/726b705c55ad4441ba82ca83f06ceb2d/untrusted/project_1/opendev.org/openstack/openstack-zuul-jobs/roles/configure-swap/tasks/root.yaml
2025-08-28 00:11:45.818672 | 
2025-08-28 00:11:45.818737 | TASK [configure-swap : Calculate required swap]
2025-08-28 00:11:45.855546 | controller | ok
2025-08-28 00:11:45.860861 | 
2025-08-28 00:11:45.860928 | TASK [configure-swap : Get root filesystem]
2025-08-28 00:11:46.015165 | controller | ext4
2025-08-28 00:11:46.384354 | controller | ok: Runtime: 0:00:00.002437
2025-08-28 00:11:46.389496 | 
2025-08-28 00:11:46.389567 | TASK [configure-swap : Save root filesystem]
2025-08-28 00:11:46.407262 | controller | ok
2025-08-28 00:11:46.431047 | 
2025-08-28 00:11:46.431140 | TASK [configure-swap : Debug the root_filesystem variable]
2025-08-28 00:11:46.448434 | controller | ok:
2025-08-28 00:11:46.448553 | controller | {
2025-08-28 00:11:46.448576 | controller |   "root_filesystem": "ext4"
2025-08-28 00:11:46.448594 | controller | }
2025-08-28 00:11:46.453171 | 
2025-08-28 00:11:46.453240 | TASK [configure-swap : Create swap backing file]
2025-08-28 00:11:51.494919 | controller | 8192+0 records in
2025-08-28 00:11:51.494965 | controller | 8192+0 records out
2025-08-28 00:11:51.494972 | controller | 8589934592 bytes (8.6 GB, 8.0 GiB) copied, 4.87975 s, 1.8 GB/s
2025-08-28 00:11:51.984225 | controller | ok: Runtime: 0:00:04.882821
2025-08-28 00:11:51.989568 | 
2025-08-28 00:11:51.989641 | TASK [configure-swap : Ensure swapfile perms]
2025-08-28 00:11:52.138832 | controller | changed
2025-08-28 00:11:52.143831 | 
2025-08-28 00:11:52.143901 | TASK [configure-swap : Make swapfile]
2025-08-28 00:11:52.616015 | controller | Setting up swapspace version 1, size = 8 GiB (8589930496 bytes)
2025-08-28 00:11:52.616095 | controller | no label, UUID=51e9c7a8-488f-41a8-9788-28635b993273
2025-08-28 00:11:52.668217 | controller | ok: Runtime: 0:00:00.315622
2025-08-28 00:11:52.673261 | 
2025-08-28 00:11:52.673332 | TASK [configure-swap : Write swap to fstab]
2025-08-28 00:11:52.922647 | controller | changed
2025-08-28 00:11:52.927508 | 
2025-08-28 00:11:52.927579 | TASK [configure-swap : Add all swap]
2025-08-28 00:11:53.452293 | controller | ok: Runtime: 0:00:00.005535
2025-08-28 00:11:53.457890 | 
2025-08-28 00:11:53.457972 | TASK [configure-swap : Debug the swap_required variable]
2025-08-28 00:11:53.476850 | controller | ok:
2025-08-28 00:11:53.476960 | controller | {
2025-08-28 00:11:53.476982 | controller |   "swap_required": "8192"
2025-08-28 00:11:53.476998 | controller | }
2025-08-28 00:11:53.481608 | 
2025-08-28 00:11:53.481677 | TASK [configure-swap : Set swappiness]
2025-08-28 00:11:53.730734 | controller | changed
2025-08-28 00:11:53.735545 | 
2025-08-28 00:11:53.735618 | TASK [configure-swap : Debug the ephemeral_device variable]
2025-08-28 00:11:53.753703 | controller | ok:
2025-08-28 00:11:53.753809 | controller | {
2025-08-28 00:11:53.753832 | controller |   "ephemeral_device": "VARIABLE IS NOT DEFINED!: 'ephemeral_device' is undefined. 'ephemeral_device' is undefined"
2025-08-28 00:11:53.753848 | controller | }
2025-08-28 00:11:53.762637 | 
2025-08-28 00:11:53.762706 | TASK [setup-stack-user : Create stack group]
2025-08-28 00:11:54.022306 | controller | changed
2025-08-28 00:11:54.027600 | 
2025-08-28 00:11:54.027676 | TASK [setup-stack-user : Create the stack user home folder]
2025-08-28 00:11:54.176193 | controller | changed
2025-08-28 00:11:54.182004 | 
2025-08-28 00:11:54.182075 | TASK [setup-stack-user : Create stack user]
2025-08-28 00:11:54.503551 | controller | changed
2025-08-28 00:11:54.508729 | 
2025-08-28 00:11:54.508803 | TASK [setup-stack-user : Set stack user home directory permissions and ownership]
2025-08-28 00:11:54.656930 | controller | changed
2025-08-28 00:11:54.662306 | 
2025-08-28 00:11:54.662376 | TASK [setup-stack-user : Copy 50_stack_sh file to /etc/sudoers.d]
2025-08-28 00:11:55.286685 | controller | changed
2025-08-28 00:11:55.291729 | 
2025-08-28 00:11:55.291798 | TASK [setup-stack-user : Create .cache folder within BASE]
2025-08-28 00:11:55.430358 | controller | changed
2025-08-28 00:11:55.439991 | 
2025-08-28 00:11:55.440067 | TASK [setup-tempest-user : Create tempest group]
2025-08-28 00:11:55.589542 | controller | changed
2025-08-28 00:11:55.594423 | 
2025-08-28 00:11:55.594494 | TASK [setup-tempest-user : Create tempest user]
2025-08-28 00:11:55.783474 | controller | changed
2025-08-28 00:11:55.788575 | 
2025-08-28 00:11:55.788652 | TASK [setup-tempest-user : Copy 51_tempest_sh to /etc/sudoers.d]
2025-08-28 00:11:56.209713 | controller | changed
2025-08-28 00:11:56.242094 | 
2025-08-28 00:11:56.242204 | TASK [setup-devstack-source-dirs : Find all OpenStack source repos used by this job]
2025-08-28 00:11:56.503127 | controller | ok: Not all paths examined, check warnings for details
2025-08-28 00:11:56.511240 | 
2025-08-28 00:11:56.511318 | LOOP [setup-devstack-source-dirs : Copy Zuul repos into devstack working directory]
2025-08-28 00:11:56.966759 | controller | ok: Item: Runtime: 0:00:00.243051
2025-08-28 00:11:57.949863 | controller | ok: Item: Runtime: 0:00:00.849092
2025-08-28 00:11:58.181037 | controller | ok: Item: Runtime: 0:00:00.048764
2025-08-28 00:11:58.509369 | controller | ok: Item: Runtime: 0:00:00.201669
2025-08-28 00:11:58.865197 | controller | ok: Item: Runtime: 0:00:00.230401
2025-08-28 00:11:59.093676 | controller | ok: Item: Runtime: 0:00:00.103395
2025-08-28 00:12:00.597366 | controller | ok: Item: Runtime: 0:00:01.376293
2025-08-28 00:12:00.833887 | controller | ok: Item: Runtime: 0:00:00.107651
2025-08-28 00:12:01.033736 | controller | ok: Item: Runtime: 0:00:00.074370
2025-08-28 00:12:01.580730 | controller | ok: Item: Runtime: 0:00:00.421557
2025-08-28 00:12:01.947243 | controller | ok: Item: Runtime: 0:00:00.239327
2025-08-28 00:12:02.130798 | controller | ok: Item: Runtime: 0:00:00.059403
2025-08-28 00:12:02.729276 | controller | ok: Item: Runtime: 0:00:00.473141
2025-08-28 00:12:03.385223 | controller | ok: Item: Runtime: 0:00:00.530365
2025-08-28 00:12:03.401928 | 
2025-08-28 00:12:03.402004 | TASK [setup-devstack-source-dirs : Find top level github projects]
2025-08-28 00:12:03.530590 | controller | ok: Not all paths examined, check warnings for details
2025-08-28 00:12:03.535671 | 
2025-08-28 00:12:03.535744 | TASK [setup-devstack-source-dirs : Find actual github repos]
2025-08-28 00:12:03.548253 | controller | skipping: Conditional result was False
2025-08-28 00:12:03.553992 | 
2025-08-28 00:12:03.554060 | LOOP [setup-devstack-source-dirs : Copy github repos into devstack working directory]
2025-08-28 00:12:03.572152 | 
2025-08-28 00:12:03.572281 | LOOP [setup-devstack-source-dirs : Setup refspec for repos into devstack working directory]
2025-08-28 00:12:03.597487 | controller | skipping: Conditional result was False
2025-08-28 00:12:03.597706 | 
2025-08-28 00:12:03.600286 | controller | skipping: Conditional result was False
2025-08-28 00:12:03.603434 | controller | skipping: Conditional result was False
2025-08-28 00:12:03.606517 | controller | skipping: Conditional result was False
2025-08-28 00:12:03.609555 | controller | skipping: Conditional result was False
2025-08-28 00:12:03.612553 | controller | skipping: Conditional result was False
2025-08-28 00:12:03.615831 | controller | skipping: Conditional result was False
2025-08-28 00:12:03.618896 | controller | skipping: Conditional result was False
2025-08-28 00:12:03.621853 | controller | skipping: Conditional result was False
2025-08-28 00:12:03.624779 | controller | skipping: Conditional result was False
2025-08-28 00:12:03.627731 | controller | skipping: Conditional result was False
2025-08-28 00:12:03.630653 | controller | skipping: Conditional result was False
2025-08-28 00:12:03.633773 | controller | skipping: Conditional result was False
2025-08-28 00:12:03.636083 | controller | skipping: Conditional result was False
2025-08-28 00:12:03.655373 | 
2025-08-28 00:12:03.655452 | TASK [setup-devstack-source-dirs : Set ownership of repos]
2025-08-28 00:12:04.782525 | controller | changed
2025-08-28 00:12:04.791753 | 
2025-08-28 00:12:04.791829 | TASK [setup-devstack-log-dir : Create logs directory]
2025-08-28 00:12:04.930497 | controller | changed
2025-08-28 00:12:04.940394 | 
2025-08-28 00:12:04.940467 | TASK [setup-devstack-cache : Copy cached devstack files]
2025-08-28 00:12:05.463909 | controller | ok: Runtime: 0:00:00.014603
2025-08-28 00:12:05.469254 | 
2025-08-28 00:12:05.469326 | TASK [setup-devstack-cache : Set ownership of cached files]
2025-08-28 00:12:05.618156 | controller | changed
2025-08-28 00:12:05.627409 | 
2025-08-28 00:12:05.627485 | TASK [start-fresh-logging : Check for /bin/journalctl file]
2025-08-28 00:12:05.785414 | controller | /usr/bin/journalctl
2025-08-28 00:12:06.151470 | controller | ok: Runtime: 0:00:00.002972
2025-08-28 00:12:06.156744 | 
2025-08-28 00:12:06.156817 | TASK [start-fresh-logging : Get current date]
2025-08-28 00:12:06.341059 | controller | 2025-08-28 00:12:06
2025-08-28 00:12:06.702285 | controller | ok: Runtime: 0:00:00.002996
2025-08-28 00:12:06.707624 | 
2025-08-28 00:12:06.707697 | TASK [start-fresh-logging : Copy current date to log-start-timestamp.txt]
2025-08-28 00:12:07.007801 | controller | changed
2025-08-28 00:12:07.013679 | 
2025-08-28 00:12:07.013752 | TASK [start-fresh-logging : Stop rsyslog]
2025-08-28 00:12:07.026389 | controller | skipping: Conditional result was False
2025-08-28 00:12:07.031528 | 
2025-08-28 00:12:07.031595 | TASK [start-fresh-logging : Save syslog file prior to devstack run]
2025-08-28 00:12:07.555428 | controller | skipping: Conditional result was False
2025-08-28 00:12:07.561300 | 
2025-08-28 00:12:07.561399 | TASK [start-fresh-logging : Save kern.log file prior to devstack run]
2025-08-28 00:12:08.085211 | controller | skipping: Conditional result was False
2025-08-28 00:12:08.090931 | 
2025-08-28 00:12:08.091014 | TASK [start-fresh-logging : Recreate syslog file]
2025-08-28 00:12:08.103936 | controller | skipping: Conditional result was False
2025-08-28 00:12:08.109139 | 
2025-08-28 00:12:08.109213 | TASK [start-fresh-logging : Recreate syslog file owner and group]
2025-08-28 00:12:08.633139 | controller | skipping: Conditional result was False
2025-08-28 00:12:08.638826 | 
2025-08-28 00:12:08.638910 | TASK [start-fresh-logging : Recreate syslog file permissions]
2025-08-28 00:12:09.162611 | controller | skipping: Conditional result was False
2025-08-28 00:12:09.168304 | 
2025-08-28 00:12:09.168394 | TASK [start-fresh-logging : Add read permissions to all on syslog file]
2025-08-28 00:12:09.181227 | controller | skipping: Conditional result was False
2025-08-28 00:12:09.186509 | 
2025-08-28 00:12:09.186578 | TASK [start-fresh-logging : Recreate kern.log file]
2025-08-28 00:12:09.199024 | controller | skipping: Conditional result was False
2025-08-28 00:12:09.204457 | 
2025-08-28 00:12:09.204526 | TASK [start-fresh-logging : Recreate kern.log file owner and group]
2025-08-28 00:12:09.728633 | controller | skipping: Conditional result was False
2025-08-28 00:12:09.734522 | 
2025-08-28 00:12:09.734604 | TASK [start-fresh-logging : Recreate kern.log file permissions]
2025-08-28 00:12:10.257714 | controller | skipping: Conditional result was False
2025-08-28 00:12:10.264891 | 
2025-08-28 00:12:10.265008 | TASK [start-fresh-logging : Add read permissions to all on kern.log file]
2025-08-28 00:12:10.278038 | controller | skipping: Conditional result was False
2025-08-28 00:12:10.283238 | 
2025-08-28 00:12:10.283306 | TASK [start-fresh-logging : Start rsyslog]
2025-08-28 00:12:10.295758 | controller | skipping: Conditional result was False
2025-08-28 00:12:10.305146 | 
2025-08-28 00:12:10.305217 | TASK [write-devstack-local-conf : Write a job-specific local_conf file]
2025-08-28 00:12:10.596068 | controller | ok
2025-08-28 00:12:10.619275 | 
2025-08-28 00:12:10.619346 | PLAY RECAP
2025-08-28 00:12:10.619392 | controller | ok: 37 changed: 24 unreachable: 0 failed: 0 skipped: 18 rescued: 0 ignored: 0
2025-08-28 00:12:10.619411 | 
2025-08-28 00:12:10.705566 | PRE-RUN END RESULT_NORMAL: [untrusted : opendev.org/openstack/devstack/playbooks/pre.yaml@stable/2024.2]
2025-08-28 00:12:10.709795 | PRE-RUN START: [trusted : cinderci-sf.dev.purestorage.com/thirdparty-ci-config/playbooks/devstack/pre-devstack.yaml@master]
2025-08-28 00:12:11.157176 | 
2025-08-28 00:12:11.157269 | PLAY [all]
2025-08-28 00:12:11.174367 | 
2025-08-28 00:12:11.174458 | TASK [Add FQDN to /etc/hosts]
2025-08-28 00:12:11.555429 | controller | changed: line added
2025-08-28 00:12:11.560464 | 
2025-08-28 00:12:11.560546 | TASK [Force IPv4 for apt]
2025-08-28 00:12:11.820421 | controller | Acquire::ForceIPv4 "true";
2025-08-28 00:12:12.085269 | controller | ok: Runtime: 0:00:00.007537
2025-08-28 00:12:12.090347 | 
2025-08-28 00:12:12.090429 | TASK [Install python3-pip]
2025-08-28 00:12:16.705567 | controller | changed
2025-08-28 00:12:16.710643 | 
2025-08-28 00:12:16.710716 | TASK [Find all EXTERNALLY-MANAGED files under /usr/lib]
2025-08-28 00:12:17.524686 | controller | ok: All paths examined
2025-08-28 00:12:17.529833 | 
2025-08-28 00:12:17.529903 | LOOP [Rename each EXTERNALLY-MANAGED file to .old]
2025-08-28 00:12:17.547626 | 
2025-08-28 00:12:17.547736 | TASK [Install purestorage sdk in pip]
2025-08-28 00:13:50.506651 | controller | changed
2025-08-28 00:13:50.512150 | 
2025-08-28 00:13:50.512225 | TASK [Debug print "devstack_localrc"]
2025-08-28 00:13:50.539312 | controller | ok:
2025-08-28 00:13:50.539432 | controller | {
2025-08-28 00:13:50.539455 | controller |   "devstack_localrc": {
2025-08-28 00:13:50.539474 | controller |     "ADMIN_PASSWORD": "secretadmin",
2025-08-28 00:13:50.539490 | controller |     "DATABASE_PASSWORD": "secretdatabase",
2025-08-28 00:13:50.539503 | controller |     "DEBUG_LIBVIRT_COREDUMPS": true,
2025-08-28 00:13:50.539516 | controller |     "ENABLE_SYSCTL_MEM_TUNING": true,
2025-08-28 00:13:50.539528 | controller |     "ENABLE_SYSCTL_NET_TUNING": true,
2025-08-28 00:13:50.539540 | controller |     "ENABLE_ZSWAP": true,
2025-08-28 00:13:50.539552 | controller |     "ERROR_ON_CLONE": true,
2025-08-28 00:13:50.539563 | controller |     "FIXED_RANGE": "10.1.0.0/20",
2025-08-28 00:13:50.539574 | controller |     "FLOATING_RANGE": "172.24.5.0/24",
2025-08-28 00:13:50.539589 | controller |     "HOST_IP": "192.168.1.113",
2025-08-28 00:13:50.539602 | controller |     "IMAGE_URLS": "http://download.cirros-cloud.net/0.6.2/cirros-0.6.2-x86_64-disk.img, http://download.cirros-cloud.net/0.6.1/cirros-0.6.1-x86_64-disk.img",
2025-08-28 00:13:50.539614 | controller |     "IPV4_ADDRS_SAFE_TO_USE": "10.1.0.0/20",
2025-08-28 00:13:50.539626 | controller |     "LIBVIRT_TYPE": "qemu",
2025-08-28 00:13:50.539637 | controller |     "LOGFILE": "/opt/stack/logs/devstacklog.txt",
2025-08-28 00:13:50.539648 | controller |     "LOG_COLOR": false,
2025-08-28 00:13:50.539660 | controller |     "NETWORK_GATEWAY": "10.1.0.1",
2025-08-28 00:13:50.539671 | controller |     "NOVA_LIBVIRT_TB_CACHE_SIZE": 128,
2025-08-28 00:13:50.539682 | controller |     "NOVA_VNC_ENABLED": true,
2025-08-28 00:13:50.539694 | controller |     "NOVNC_FROM_PACKAGE": true,
2025-08-28 00:13:50.539705 | controller |     "OVN_DBS_LOG_LEVEL": "dbg",
2025-08-28 00:13:50.539716 | controller |     "PUBLIC_BRIDGE_MTU": 1500,
2025-08-28 00:13:50.539727 | controller |     "PUBLIC_NETWORK_GATEWAY": "172.24.5.1",
2025-08-28 00:13:50.539738 | controller |     "RABBIT_PASSWORD": "secretrabbit",
2025-08-28 00:13:50.539750 | controller |     "SERVICE_HOST": "192.168.1.113",
2025-08-28 00:13:50.539766 | controller |     "SERVICE_PASSWORD": "secretservice",
2025-08-28 00:13:50.539778 | controller |     "SWIFT_HASH": 1234123412341234,
2025-08-28 00:13:50.539789 | controller |     "SWIFT_REPLICAS": 1,
2025-08-28 00:13:50.539800 | controller |     "SWIFT_START_ALL_SERVICES": false,
2025-08-28 00:13:50.539811 | controller |     "VERBOSE": true,
2025-08-28 00:13:50.539822 | controller |     "VERBOSE_NO_TIMESTAMP": true
2025-08-28 00:13:50.539833 | controller |   }
2025-08-28 00:13:50.539845 | controller | }
2025-08-28 00:13:50.544328 | 
2025-08-28 00:13:50.544409 | TASK [Debug print "devstack_local_conf"]
2025-08-28 00:13:50.571498 | controller | ok:
2025-08-28 00:13:50.571619 | controller | {
2025-08-28 00:13:50.571641 | controller |   "devstack_local_conf": {
2025-08-28 00:13:50.571656 | controller |     "post-config": {
2025-08-28 00:13:50.571669 | controller |       "$NEUTRON_CONF": {
2025-08-28 00:13:50.571682 | controller |         "DEFAULT": {
2025-08-28 00:13:50.571697 | controller |           "global_physnet_mtu": 1500
2025-08-28 00:13:50.571710 | controller |         }
2025-08-28 00:13:50.571722 | controller |       }
2025-08-28 00:13:50.571734 | controller |     },
2025-08-28 00:13:50.571745 | controller |     "test-config": {
2025-08-28 00:13:50.571756 | controller |       "$TEMPEST_CONFIG": {
2025-08-28 00:13:50.571768 | controller |         "compute": {
2025-08-28 00:13:50.571780 | controller |           "min_compute_nodes": "1"
2025-08-28 00:13:50.571792 | controller |         },
2025-08-28 00:13:50.571804 | controller |         "service-clients": {
2025-08-28 00:13:50.571816 | controller |           "http_timeout": 90
2025-08-28 00:13:50.571828 | controller |         }
2025-08-28 00:13:50.571839 | controller |       }
2025-08-28 00:13:50.571850 | controller |     }
2025-08-28 00:13:50.571862 | controller |   }
2025-08-28 00:13:50.571873 | controller | }
2025-08-28 00:13:50.576286 | 
2025-08-28 00:13:50.576352 | TASK [Debug print "devstack_plugins"]
2025-08-28 00:13:50.603128 | controller | ok:
2025-08-28 00:13:50.603235 | controller | {
2025-08-28 00:13:50.603257 | controller |   "devstack_plugins": {
2025-08-28 00:13:50.603272 | controller |     "manila": "https://opendev.org/openstack/manila",
2025-08-28 00:13:50.603286 | controller |     "manila-tempest-plugin": "https://opendev.org/openstack/manila-tempest-plugin"
2025-08-28 00:13:50.603298 | controller |   }
2025-08-28 00:13:50.603310 | controller | }
2025-08-28 00:13:50.608374 | 
2025-08-28 00:13:50.608443 | TASK [Debug print "devstack_services"]
2025-08-28 00:13:50.635120 | controller | ok:
2025-08-28 00:13:50.635230 | controller | {
2025-08-28 00:13:50.635252 | controller |   "devstack_services": {
2025-08-28 00:13:50.635267 | controller |     "base": false,
2025-08-28 00:13:50.635281 | controller |     "c-api": true,
2025-08-28 00:13:50.635293 | controller |     "c-bak": true,
2025-08-28 00:13:50.635305 | controller |     "c-sch": true,
2025-08-28 00:13:50.635316 | controller |     "c-vol": true,
2025-08-28 00:13:50.635328 | controller |     "cinder": false,
2025-08-28 00:13:50.635339 | controller |     "dstat": false,
2025-08-28 00:13:50.635351 | controller |     "etcd3": true,
2025-08-28 00:13:50.635362 | controller |     "file_tracker": true,
2025-08-28 00:13:50.635373 | controller |     "g-api": true,
2025-08-28 00:13:50.635392 | controller |     "horizon": false,
2025-08-28 00:13:50.635404 | controller |     "key": true,
2025-08-28 00:13:50.635416 | controller |     "memory_tracker": true,
2025-08-28 00:13:50.635427 | controller |     "mysql": true,
2025-08-28 00:13:50.635438 | controller |     "n-api": true,
2025-08-28 00:13:50.635449 | controller |     "n-api-meta": true,
2025-08-28 00:13:50.635461 | controller |     "n-cond": true,
2025-08-28 00:13:50.635472 | controller |     "n-cpu": true,
2025-08-28 00:13:50.635483 | controller |     "n-novnc": true,
2025-08-28 00:13:50.635494 | controller |     "n-sch": true,
2025-08-28 00:13:50.635505 | controller |     "openstack-cli-server": true,
2025-08-28 00:13:50.635521 | controller |     "ovn-controller": true,
2025-08-28 00:13:50.635532 | controller |     "ovn-northd": true,
2025-08-28 00:13:50.635544 | controller |     "ovs-vswitchd": true,
2025-08-28 00:13:50.635554 | controller |     "ovsdb-server": true,
2025-08-28 00:13:50.635565 | controller |     "placement-api": true,
2025-08-28 00:13:50.635576 | controller |     "q-ovn-metadata-agent": true,
2025-08-28 00:13:50.635587 | controller |     "q-svc": true,
2025-08-28 00:13:50.635598 | controller |     "rabbit": true,
2025-08-28 00:13:50.635609 | controller |     "s-account": false,
2025-08-28 00:13:50.635624 | controller |     "s-container": false,
2025-08-28 00:13:50.635636 | controller |     "s-object": false,
2025-08-28 00:13:50.635647 | controller |     "s-proxy": false,
2025-08-28 00:13:50.635663 | controller |     "tempest": true,
2025-08-28 00:13:50.635676 | controller |     "tls-proxy": true
2025-08-28 00:13:50.635687 | controller |   }
2025-08-28 00:13:50.635699 | controller | }
2025-08-28 00:13:50.652322 | 
2025-08-28 00:13:50.652379 | PLAY RECAP
2025-08-28 00:13:50.652422 | controller | ok: 9 changed: 4 unreachable: 0 failed: 0 skipped: 1 rescued: 0 ignored: 0
2025-08-28 00:13:50.652439 | 
2025-08-28 00:13:50.723692 | PRE-RUN END RESULT_NORMAL: [trusted : cinderci-sf.dev.purestorage.com/thirdparty-ci-config/playbooks/devstack/pre-devstack.yaml@master]
2025-08-28 00:13:50.728466 | RUN START: [trusted : cinderci-sf.dev.purestorage.com/thirdparty-ci-config/playbooks/devstack/pure-manila-devstack.yaml@master]
2025-08-28 00:13:51.192326 | 
2025-08-28 00:13:51.192533 | PLAY [all]
2025-08-28 00:13:51.210668 | 
2025-08-28 00:13:51.210755 | TASK [pure-manila-setup : Generate random share prefix]
2025-08-28 00:13:51.610050 | controller | 85d4ed
2025-08-28 00:13:51.734691 | controller | ok: Runtime: 0:00:00.003310
2025-08-28 00:13:51.740138 | 
2025-08-28 00:13:51.740227 | TASK [pure-manila-setup : Set up variables]
2025-08-28 00:13:51.808011 | controller | ok
2025-08-28 00:13:51.831081 | 
2025-08-28 00:13:51.831170 | PLAY [all]
2025-08-28 00:13:51.844593 | 
2025-08-28 00:13:51.844685 | TASK [Merge old and new devstack configs]
2025-08-28 00:13:51.892008 | controller | ok
2025-08-28 00:13:51.897111 | 
2025-08-28 00:13:51.897180 | TASK [Debug print devstack_localrc]
2025-08-28 00:13:51.924185 | controller | ok:
2025-08-28 00:13:51.924287 | controller | {
2025-08-28 00:13:51.924310 | controller |   "devstack_localrc": {
2025-08-28 00:13:51.924328 | controller |     "ACTIVE_TIMEOUT": 500,
2025-08-28 00:13:51.924343 | controller |     "ADMIN_PASSWORD": "secretadmin",
2025-08-28 00:13:51.924359 | controller |     "API_RATE_LIMIT": false,
2025-08-28 00:13:51.924374 | controller |     "ASSOCIATE_TIMEOUT": 500,
2025-08-28 00:13:51.924393 | controller |     "BOOT_TIMEOUT": 500,
2025-08-28 00:13:51.924406 | controller |     "BUILD_TIMEOUT": 500,
2025-08-28 00:13:51.924417 | controller |     "DATABASE_PASSWORD": "secretdatabase",
2025-08-28 00:13:51.924429 | controller |     "DEBUG": true,
2025-08-28 00:13:51.924441 | controller |     "DEBUG_LIBVIRT_COREDUMPS": true,
2025-08-28 00:13:51.924453 | controller |     "ENABLE_SYSCTL_MEM_TUNING": true,
2025-08-28 00:13:51.924465 | controller |     "ENABLE_SYSCTL_NET_TUNING": true,
2025-08-28 00:13:51.924477 | controller |     "ENABLE_ZSWAP": true,
2025-08-28 00:13:51.924488 | controller |     "ERROR_ON_CLONE": true,
2025-08-28 00:13:51.924500 | controller |     "FIXED_RANGE": "10.1.0.0/20",
2025-08-28 00:13:51.924511 | controller |     "FLOATING_RANGE": "172.24.5.0/24",
2025-08-28 00:13:51.924524 | controller |     "GLANCE_ENABLE_QUOTAS": false,
2025-08-28 00:13:51.924536 | controller |     "HOST_IP": "192.168.1.113",
2025-08-28 00:13:51.924548 | controller |     "IMAGE_URLS": "http://download.cirros-cloud.net/0.6.2/cirros-0.6.2-x86_64-disk.img, http://download.cirros-cloud.net/0.6.1/cirros-0.6.1-x86_64-disk.img",
2025-08-28 00:13:51.924560 | controller |     "IPV4_ADDRS_SAFE_TO_USE": "10.1.0.0/20",
2025-08-28 00:13:51.924572 | controller |     "LIBVIRT_TYPE": "qemu",
2025-08-28 00:13:51.924591 | controller |     "LOGFILE": "/opt/stack/logs/devstacklog.txt",
2025-08-28 00:13:51.924603 | controller |     "LOG_COLOR": false,
2025-08-28 00:13:51.924615 | controller |     "MANILA_ALLOW_NAS_SERVER_PORTS_ON_HOST": true,
2025-08-28 00:13:51.924626 | controller |     "MANILA_CONFIGURE_DEFAULT_TYPES": true,
2025-08-28 00:13:51.924638 | controller |     "MANILA_DEFAULT_SHARE_TYPE_EXTRA_SPECS": "snapshot_support=True create_share_from_snapshot_support=False revert_to_snapshot_support=True",
2025-08-28 00:13:51.924649 | controller |     "MANILA_ENABLED_BACKENDS": "flashblade",
2025-08-28 00:13:51.924661 | controller |     "MANILA_INSTALL_TEMPEST_PLUGIN_SYSTEMWIDE": false,
2025-08-28 00:13:51.924672 | controller |     "MANILA_OPTGROUP_flasharray_driver_handles_share_servers": false,
2025-08-28 00:13:51.924683 | controller |     "MANILA_OPTGROUP_flasharray_flasharray_api": "a2fbcd5e-fdd5-29c8-727c-91cd35cdbeee",
2025-08-28 00:13:51.924695 | controller |     "MANILA_OPTGROUP_flasharray_flasharray_eradicate": true,
2025-08-28 00:13:51.924706 | controller |     "MANILA_OPTGROUP_flasharray_flasharray_file_vip": "10.241.127.21",
2025-08-28 00:13:51.924717 | controller |     "MANILA_OPTGROUP_flasharray_flasharray_mgmt_vip": "cinder-fa2.dev.purestorage.com",
2025-08-28 00:13:51.924728 | controller |     "MANILA_OPTGROUP_flasharray_share_driver": "manila.share.drivers.purestorage.flasharray.FlashArrayShareDriver",
2025-08-28 00:13:51.924739 | controller |     "MANILA_OPTGROUP_flashblade_driver_handles_share_servers": false,
2025-08-28 00:13:51.924749 | controller |     "MANILA_OPTGROUP_flashblade_flashblade_api": "T-e832bb16-76fc-4f88-99f2-92a877b0bf58",
2025-08-28 00:13:51.924760 | controller |     "MANILA_OPTGROUP_flashblade_flashblade_data_vip": "10.241.128.51",
2025-08-28 00:13:51.924771 | controller |     "MANILA_OPTGROUP_flashblade_flashblade_eradicate": true,
2025-08-28 00:13:51.924782 | controller |     "MANILA_OPTGROUP_flashblade_flashblade_mgmt_vip": "10.241.127.17",
2025-08-28 00:13:51.924793 | controller |     "MANILA_OPTGROUP_flashblade_share_driver": "manila.share.drivers.purestorage.flashblade.FlashBladeShareDriver",
2025-08-28 00:13:51.924805 | controller |     "MANILA_REPLICA_STATE_UPDATE_INTERVAL": 10,
2025-08-28 00:13:51.924817 | controller |     "MANILA_SERVER_MIGRATION_PERIOD_TASK_INTERVAL": 10,
2025-08-28 00:13:51.924829 | controller |     "MANILA_SERVICE_VM_FLAVOR_RAM": 1024,
2025-08-28 00:13:51.924841 | controller |     "MANILA_SHARE_BACKEND1_NAME": "flashblade",
2025-08-28 00:13:51.924852 | controller |     "MANILA_SHARE_BACKEND2_NAME": "flasharray",
2025-08-28 00:13:51.924863 | controller |     "MANILA_SHARE_MIGRATION_PERIOD_TASK_INTERVAL": 1,
2025-08-28 00:13:51.924875 | controller |     "MANILA_USE_DOWNGRADE_MIGRATIONS": true,
2025-08-28 00:13:51.924887 | controller |     "NETWORK_GATEWAY": "10.1.0.1",
2025-08-28 00:13:51.924899 | controller |     "NOVA_LIBVIRT_TB_CACHE_SIZE": 128,
2025-08-28 00:13:51.924910 | controller |     "NOVA_VNC_ENABLED": true,
2025-08-28 00:13:51.924921 | controller |     "NOVNC_FROM_PACKAGE": true,
