2025-08-26 04:18:29.931480 | Job console starting...
2025-08-26 04:18:29.991546 | Updating repositories
2025-08-26 04:18:30.517583 | Preparing job workspace
2025-08-26 04:18:48.973741 | Running Ansible setup...
2025-08-26 04:18:51.739124 | PRE-RUN START: [trusted : cinderci-sf.dev.purestorage.com/thirdparty-ci-config/playbooks/base/pre.yaml@master]
2025-08-26 04:18:52.274590 | 
2025-08-26 04:18:52.274843 | PLAY [localhost]
2025-08-26 04:18:52.282178 | 
2025-08-26 04:18:52.282270 | TASK [Gathering Facts]
2025-08-26 04:18:53.003631 | localhost | ok
2025-08-26 04:18:53.015603 | 
2025-08-26 04:18:53.015695 | TASK [Setup log path fact]
2025-08-26 04:18:53.031313 | localhost | ok
2025-08-26 04:18:53.041461 | 
2025-08-26 04:18:53.041533 | TASK [set-zuul-log-path-fact : Set log path for a build]
2025-08-26 04:18:53.066824 | localhost | ok
2025-08-26 04:18:53.073026 | 
2025-08-26 04:18:53.073108 | TASK [emit-job-header : Print job information]
2025-08-26 04:18:53.098271 | # Job Information
2025-08-26 04:18:53.098391 | Ansible Version: 2.15.10
2025-08-26 04:18:53.098420 | Job: pure-devstack-manila-tempest-aio-noble
2025-08-26 04:18:53.098441 | Pipeline: thirdparty-check
2025-08-26 04:18:53.098460 | Executor: managesf.cinderci-sf.dev.purestorage.com
2025-08-26 04:18:53.098478 | Triggered by: https://review.opendev.org/c/openstack/manila/+/958263
2025-08-26 04:18:53.098499 | Log URL (when completed): http://openstack-logs.purestorage.com/d5e/third-party-ci/d5e34d4183314c6ca95820c856eb714f/
2025-08-26 04:18:53.098516 | Event ID: 5e8b18d93ac74b8fb8ca5b3b3f1386ee
2025-08-26 04:18:53.101755 | 
2025-08-26 04:18:53.101828 | LOOP [emit-job-header : Print node information]
2025-08-26 04:18:53.182017 | localhost | ok:
2025-08-26 04:18:53.182363 | localhost | # Node Information
2025-08-26 04:18:53.182410 | localhost | Inventory Hostname: controller
2025-08-26 04:18:53.182432 | localhost | Hostname: np0000032578
2025-08-26 04:18:53.182450 | localhost | Username: zuul
2025-08-26 04:18:53.182470 | localhost | Distro: Ubuntu 24.04
2025-08-26 04:18:53.182486 | localhost | Provider: cinderci
2025-08-26 04:18:53.182502 | localhost | Region: cinderci
2025-08-26 04:18:53.182517 | localhost | Label: dsvm-noble-MANILA-aio
2025-08-26 04:18:53.182532 | localhost | Product Name: OpenStack Nova
2025-08-26 04:18:53.182548 | localhost | Interface IP: 192.168.1.117
2025-08-26 04:18:53.190990 | 
2025-08-26 04:18:53.191072 | TASK [log-inventory : Ensure Zuul Ansible directory exists]
2025-08-26 04:18:53.476298 | localhost -> localhost | changed
2025-08-26 04:18:53.480918 | 
2025-08-26 04:18:53.480996 | TASK [log-inventory : Copy ansible inventory to logs dir]
2025-08-26 04:18:54.110087 | localhost -> localhost | changed
2025-08-26 04:18:54.126466 | 
2025-08-26 04:18:54.126571 | PLAY [all]
2025-08-26 04:18:54.140437 | 
2025-08-26 04:18:54.140520 | TASK [include_role : start-zuul-console]
2025-08-26 04:18:54.157372 | controller | ok
2025-08-26 04:18:54.169145 | 
2025-08-26 04:18:54.169218 | TASK [start-zuul-console : Start zuul_console daemon.]
2025-08-26 04:18:54.438377 | controller | ok
2025-08-26 04:18:54.447298 | 
2025-08-26 04:18:54.447372 | TASK [include_role : validate-host]
2025-08-26 04:18:54.464268 | controller | ok
2025-08-26 04:18:54.480405 | 
2025-08-26 04:18:54.480486 | TASK [validate-host : Define zuul_info_dir fact]
2025-08-26 04:18:54.507312 | controller | ok
2025-08-26 04:18:54.511834 | 
2025-08-26 04:18:54.511904 | TASK [validate-host : Ensure Zuul Ansible directory exists]
2025-08-26 04:18:54.685851 | controller -> localhost | ok
2025-08-26 04:18:54.691488 | 
2025-08-26 04:18:54.691573 | TASK [validate-host : Collect information about the host]
2025-08-26 04:18:55.285528 | controller | ok
2025-08-26 04:18:55.293873 | 
2025-08-26 04:18:55.293943 | TASK [validate-host : Sanitize hostname]
2025-08-26 04:18:55.330552 | controller | ok
2025-08-26 04:18:55.334995 | 
2025-08-26 04:18:55.335062 | TASK [validate-host : Write out all ansible variables/facts known for each host]
2025-08-26 04:18:55.701755 | controller -> localhost | changed
2025-08-26 04:18:55.707089 | 
2025-08-26 04:18:55.707188 | TASK [validate-host : Collect information about zuul worker]
2025-08-26 04:18:55.996936 | controller | ok
2025-08-26 04:18:56.002217 | 
2025-08-26 04:18:56.002292 | TASK [validate-host : Write out all zuul information for each host]
2025-08-26 04:18:56.360147 | controller -> localhost | changed
2025-08-26 04:18:56.368238 | 
2025-08-26 04:18:56.368319 | TASK [include_role : prepare-workspace]
2025-08-26 04:18:56.384768 | controller | ok
2025-08-26 04:18:56.400347 | 
2025-08-26 04:18:56.400426 | TASK [prepare-workspace : Start zuul_console daemon.]
2025-08-26 04:18:56.568519 | controller | ok
2025-08-26 04:18:56.573728 | 
2025-08-26 04:18:56.573820 | TASK [prepare-workspace : Synchronize src repos to workspace directory.]
2025-08-26 04:20:12.290817 | controller | Output suppressed because no_log was given
2025-08-26 04:20:12.298337 | 
2025-08-26 04:20:12.298419 | TASK [include_role : add-build-sshkey]
2025-08-26 04:20:12.317951 | controller | ok
2025-08-26 04:20:12.334704 | 
2025-08-26 04:20:12.334798 | TASK [add-build-sshkey : Check to see if ssh key was already created for this build]
2025-08-26 04:20:12.519301 | controller -> localhost | ok
2025-08-26 04:20:12.524486 | 
2025-08-26 04:20:12.524582 | TASK [add-build-sshkey : Create a new key in workspace based on build UUID]
2025-08-26 04:20:12.541473 | controller | ok
2025-08-26 04:20:12.552449 | controller | included: /var/lib/zuul/builds/d5e34d4183314c6ca95820c856eb714f/trusted/project_1/opendev.org/zuul/zuul-jobs/roles/add-build-sshkey/tasks/create-key-and-replace.yaml
2025-08-26 04:20:12.557664 | 
2025-08-26 04:20:12.557740 | TASK [add-build-sshkey : Create Temp SSH key]
2025-08-26 04:20:13.036451 | controller -> localhost | Generating public/private rsa key pair.
2025-08-26 04:20:13.036703 | controller -> localhost | Your identification has been saved in /var/lib/zuul/builds/d5e34d4183314c6ca95820c856eb714f/work/d5e34d4183314c6ca95820c856eb714f_id_rsa.
2025-08-26 04:20:13.036748 | controller -> localhost | Your public key has been saved in /var/lib/zuul/builds/d5e34d4183314c6ca95820c856eb714f/work/d5e34d4183314c6ca95820c856eb714f_id_rsa.pub.
2025-08-26 04:20:13.036776 | controller -> localhost | The key fingerprint is:
2025-08-26 04:20:13.036800 | controller -> localhost | SHA256:aU+qITsL3FH16shTn4UP9fCuH2lHi2LSN9D9iaWxP2Q zuul-build-sshkey
2025-08-26 04:20:13.036827 | controller -> localhost | The key's randomart image is:
2025-08-26 04:20:13.036851 | controller -> localhost | +---[RSA 3072]----+
2025-08-26 04:20:13.036872 | controller -> localhost | |        .        |
2025-08-26 04:20:13.036902 | controller -> localhost | |       . .       |
2025-08-26 04:20:13.036926 | controller -> localhost | |      .   . o    |
2025-08-26 04:20:13.036947 | controller -> localhost | |     .   o o.+.  |
2025-08-26 04:20:13.036967 | controller -> localhost | |    .   S +..ooo.|
2025-08-26 04:20:13.036986 | controller -> localhost | | . . o = =.=..BE+|
2025-08-26 04:20:13.037005 | controller -> localhost | |  o o = o.++.BBoo|
2025-08-26 04:20:13.037023 | controller -> localhost | |   ..o +  o ooo+ |
2025-08-26 04:20:13.037041 | controller -> localhost | |    oo.     .....|
2025-08-26 04:20:13.037058 | controller -> localhost | +----[SHA256]-----+
2025-08-26 04:20:13.037119 | controller -> localhost | ok: Runtime: 0:00:00.161712
2025-08-26 04:20:13.042428 | 
2025-08-26 04:20:13.042511 | TASK [add-build-sshkey : Remote setup ssh keys (linux)]
2025-08-26 04:20:13.061746 | controller | ok
2025-08-26 04:20:13.070204 | controller | included: /var/lib/zuul/builds/d5e34d4183314c6ca95820c856eb714f/trusted/project_1/opendev.org/zuul/zuul-jobs/roles/add-build-sshkey/tasks/remote-linux.yaml
2025-08-26 04:20:13.077476 | 
2025-08-26 04:20:13.077568 | TASK [add-build-sshkey : Remove previously added zuul-build-sshkey]
2025-08-26 04:20:13.090380 | controller | skipping: Conditional result was False
2025-08-26 04:20:13.095363 | 
2025-08-26 04:20:13.095435 | TASK [add-build-sshkey : Enable access via build key on all nodes]
2025-08-26 04:20:13.667954 | controller | changed
2025-08-26 04:20:13.672404 | 
2025-08-26 04:20:13.672478 | TASK [add-build-sshkey : Make sure user has a .ssh]
2025-08-26 04:20:13.840418 | controller | ok
2025-08-26 04:20:13.844877 | 
2025-08-26 04:20:13.844953 | TASK [add-build-sshkey : Install build private key as SSH key on all nodes]
2025-08-26 04:20:14.214651 | controller | changed
2025-08-26 04:20:14.219230 | 
2025-08-26 04:20:14.219314 | TASK [add-build-sshkey : Install build public key as SSH key on all nodes]
2025-08-26 04:20:14.610801 | controller | changed
2025-08-26 04:20:14.615284 | 
2025-08-26 04:20:14.615361 | TASK [add-build-sshkey : Remote setup ssh keys (windows)]
2025-08-26 04:20:14.627963 | controller | skipping: Conditional result was False
2025-08-26 04:20:14.632801 | 
2025-08-26 04:20:14.632876 | TASK [remove-zuul-sshkey : Remove master key from local agent]
2025-08-26 04:20:14.917892 | controller -> localhost | changed
2025-08-26 04:20:14.926872 | 
2025-08-26 04:20:14.926960 | TASK [add-build-sshkey : Add back temp key]
2025-08-26 04:20:15.131364 | controller -> localhost | Identity added: /var/lib/zuul/builds/d5e34d4183314c6ca95820c856eb714f/work/d5e34d4183314c6ca95820c856eb714f_id_rsa (zuul-build-sshkey)
2025-08-26 04:20:15.131587 | controller -> localhost | ok: Runtime: 0:00:00.005444
2025-08-26 04:20:15.136756 | 
2025-08-26 04:20:15.136832 | TASK [add-build-sshkey : Verify we can still SSH to all nodes]
2025-08-26 04:20:15.415742 | controller | ok
2025-08-26 04:20:15.419943 | 
2025-08-26 04:20:15.420018 | TASK [add-build-sshkey : Verify we can still SSH to all nodes (windows)]
2025-08-26 04:20:15.442724 | controller | skipping: Conditional result was False
2025-08-26 04:20:15.451836 | 
2025-08-26 04:20:15.451906 | TASK [include_role : prepare-workspace-openshift]
2025-08-26 04:20:15.464257 | controller | skipping: Conditional result was False
2025-08-26 04:20:15.468776 | 
2025-08-26 04:20:15.468843 | TASK [include_role : remove-zuul-sshkey]
2025-08-26 04:20:15.481006 | controller | skipping: Conditional result was False
2025-08-26 04:20:15.485733 | 
2025-08-26 04:20:15.485800 | LOOP [ensure-output-dirs : Empty Zuul Output directories by removing them]
2025-08-26 04:20:15.659912 | controller | ok: "logs"
2025-08-26 04:20:15.660171 | controller | ok: All items complete
2025-08-26 04:20:15.660213 | 
2025-08-26 04:20:15.812205 | controller | ok: "artifacts"
2025-08-26 04:20:15.963536 | controller | ok: "docs"
2025-08-26 04:20:15.968899 | 
2025-08-26 04:20:15.968972 | LOOP [ensure-output-dirs : Ensure Zuul Output directories exist]
2025-08-26 04:20:16.143640 | controller | changed: "logs"
2025-08-26 04:20:16.296277 | controller | changed: "artifacts"
2025-08-26 04:20:16.449194 | controller | changed: "docs"
2025-08-26 04:20:16.477159 | 
2025-08-26 04:20:16.477238 | PLAY RECAP
2025-08-26 04:20:16.477279 | controller | ok: 23 changed: 10 unreachable: 0 failed: 0 skipped: 5 rescued: 0 ignored: 0
2025-08-26 04:20:16.477303 | localhost | ok: 6 changed: 2 unreachable: 0 failed: 0 skipped: 0 rescued: 0 ignored: 0
2025-08-26 04:20:16.477320 | 
2025-08-26 04:20:16.560682 | PRE-RUN END RESULT_NORMAL: [trusted : cinderci-sf.dev.purestorage.com/thirdparty-ci-config/playbooks/base/pre.yaml@master]
2025-08-26 04:20:16.564137 | PRE-RUN START: [untrusted : opendev.org/openstack/devstack/playbooks/pre.yaml@stable/2025.1]
2025-08-26 04:20:17.042055 | 
2025-08-26 04:20:17.042172 | PLAY [all]
2025-08-26 04:20:17.057539 | 
2025-08-26 04:20:17.057655 | TASK [Fix the permissions of the zuul home directory]
2025-08-26 04:20:17.482552 | controller | changed
2025-08-26 04:20:17.491661 | 
2025-08-26 04:20:17.491790 | TASK [Gather minimum local MTU]
2025-08-26 04:20:17.561598 | controller | ok
2025-08-26 04:20:17.566173 | 
2025-08-26 04:20:17.566249 | TASK [Calculate external_bridge_mtu]
2025-08-26 04:20:17.603207 | controller | ok
2025-08-26 04:20:17.615967 | 
2025-08-26 04:20:17.616045 | TASK [configure-swap : Set ephemeral device if /dev/xvde exists]
2025-08-26 04:20:17.638621 | controller | skipping: Conditional result was False
2025-08-26 04:20:17.644570 | 
2025-08-26 04:20:17.644649 | TASK [configure-swap : Get ephemeral0 device node]
2025-08-26 04:20:18.167256 | controller | ok: Runtime: 0:00:00.002994
2025-08-26 04:20:18.172482 | 
2025-08-26 04:20:18.172573 | TASK [configure-swap : Set ephemeral device if LABEL exists]
2025-08-26 04:20:18.195340 | controller | skipping: Conditional result was False
2025-08-26 04:20:18.200533 | 
2025-08-26 04:20:18.200613 | TASK [configure-swap : Setup swap on ephemeral storage]
2025-08-26 04:20:18.223088 | controller | skipping: Conditional result was False
2025-08-26 04:20:18.228223 | 
2025-08-26 04:20:18.228289 | TASK [configure-swap : Setup swap file on root device]
2025-08-26 04:20:18.264964 | controller | ok
2025-08-26 04:20:18.273714 | controller | included: /var/lib/zuul/builds/d5e34d4183314c6ca95820c856eb714f/untrusted/project_1/opendev.org/openstack/openstack-zuul-jobs/roles/configure-swap/tasks/root.yaml
2025-08-26 04:20:18.279336 | 
2025-08-26 04:20:18.279401 | TASK [configure-swap : Calculate required swap]
2025-08-26 04:20:18.316116 | controller | ok
2025-08-26 04:20:18.321005 | 
2025-08-26 04:20:18.321070 | TASK [configure-swap : Get root filesystem]
2025-08-26 04:20:18.508909 | controller | ext4
2025-08-26 04:20:18.844471 | controller | ok: Runtime: 0:00:00.003142
2025-08-26 04:20:18.849872 | 
2025-08-26 04:20:18.849946 | TASK [configure-swap : Save root filesystem]
2025-08-26 04:20:18.877016 | controller | ok
2025-08-26 04:20:18.901768 | 
2025-08-26 04:20:18.901852 | TASK [configure-swap : Debug the root_filesystem variable]
2025-08-26 04:20:18.918972 | controller | ok:
2025-08-26 04:20:18.919089 | controller | {
2025-08-26 04:20:18.919125 | controller |   "root_filesystem": "ext4"
2025-08-26 04:20:18.919142 | controller | }
2025-08-26 04:20:18.923636 | 
2025-08-26 04:20:18.923702 | TASK [configure-swap : Create swap backing file]
2025-08-26 04:20:23.412822 | controller | 8192+0 records in
2025-08-26 04:20:23.412885 | controller | 8192+0 records out
2025-08-26 04:20:23.412893 | controller | 8589934592 bytes (8.6 GB, 8.0 GiB) copied, 4.29552 s, 2.0 GB/s
2025-08-26 04:20:23.447975 | controller | ok: Runtime: 0:00:04.300180
2025-08-26 04:20:23.453148 | 
2025-08-26 04:20:23.453223 | TASK [configure-swap : Ensure swapfile perms]
2025-08-26 04:20:23.631188 | controller | changed
2025-08-26 04:20:23.636394 | 
2025-08-26 04:20:23.636467 | TASK [configure-swap : Make swapfile]
2025-08-26 04:20:24.162388 | controller | Setting up swapspace version 1, size = 8 GiB (8589930496 bytes)
2025-08-26 04:20:24.162499 | controller | no label, UUID=9533a125-4258-4b92-ac0b-2ae3b45e4214
2025-08-26 04:20:24.186740 | controller | ok: Runtime: 0:00:00.337196
2025-08-26 04:20:24.191713 | 
2025-08-26 04:20:24.191785 | TASK [configure-swap : Write swap to fstab]
2025-08-26 04:20:24.471730 | controller | changed
2025-08-26 04:20:24.476721 | 
2025-08-26 04:20:24.476796 | TASK [configure-swap : Add all swap]
2025-08-26 04:20:25.001007 | controller | ok: Runtime: 0:00:00.005186
2025-08-26 04:20:25.006490 | 
2025-08-26 04:20:25.006580 | TASK [configure-swap : Debug the swap_required variable]
2025-08-26 04:20:25.023780 | controller | ok:
2025-08-26 04:20:25.023896 | controller | {
2025-08-26 04:20:25.023918 | controller |   "swap_required": "8192"
2025-08-26 04:20:25.023934 | controller | }
2025-08-26 04:20:25.028642 | 
2025-08-26 04:20:25.028711 | TASK [configure-swap : Set swappiness]
2025-08-26 04:20:25.307944 | controller | changed
2025-08-26 04:20:25.312744 | 
2025-08-26 04:20:25.312821 | TASK [configure-swap : Debug the ephemeral_device variable]
2025-08-26 04:20:25.330028 | controller | ok:
2025-08-26 04:20:25.330157 | controller | {
2025-08-26 04:20:25.330180 | controller |   "ephemeral_device": "VARIABLE IS NOT DEFINED!: 'ephemeral_device' is undefined. 'ephemeral_device' is undefined"
2025-08-26 04:20:25.330197 | controller | }
2025-08-26 04:20:25.339960 | 
2025-08-26 04:20:25.340036 | TASK [setup-stack-user : Create stack group]
2025-08-26 04:20:25.639929 | controller | changed
2025-08-26 04:20:25.644861 | 
2025-08-26 04:20:25.644930 | TASK [setup-stack-user : Create the stack user home folder]
2025-08-26 04:20:25.827031 | controller | changed
2025-08-26 04:20:25.837136 | 
2025-08-26 04:20:25.837250 | TASK [setup-stack-user : Create stack user]
2025-08-26 04:20:26.209460 | controller | changed
2025-08-26 04:20:26.214537 | 
2025-08-26 04:20:26.214617 | TASK [setup-stack-user : Set stack user home directory permissions and ownership]
2025-08-26 04:20:26.393360 | controller | changed
2025-08-26 04:20:26.398821 | 
2025-08-26 04:20:26.398899 | TASK [setup-stack-user : Copy 50_stack_sh file to /etc/sudoers.d]
2025-08-26 04:20:27.124678 | controller | changed
2025-08-26 04:20:27.129708 | 
2025-08-26 04:20:27.129782 | TASK [setup-stack-user : Create .cache folder within BASE]
2025-08-26 04:20:27.308911 | controller | changed
2025-08-26 04:20:27.318755 | 
2025-08-26 04:20:27.318837 | TASK [setup-tempest-user : Create tempest group]
2025-08-26 04:20:27.507891 | controller | changed
2025-08-26 04:20:27.512808 | 
2025-08-26 04:20:27.512878 | TASK [setup-tempest-user : Create tempest user]
2025-08-26 04:20:27.743550 | controller | changed
2025-08-26 04:20:27.749895 | 
2025-08-26 04:20:27.749974 | TASK [setup-tempest-user : Copy 51_tempest_sh to /etc/sudoers.d]
2025-08-26 04:20:28.299489 | controller | changed
2025-08-26 04:20:28.310983 | 
2025-08-26 04:20:28.311063 | TASK [setup-devstack-source-dirs : Find all OpenStack source repos used by this job]
2025-08-26 04:20:28.551764 | controller | ok: Not all paths examined, check warnings for details
2025-08-26 04:20:28.560660 | 
2025-08-26 04:20:28.560742 | LOOP [setup-devstack-source-dirs : Copy Zuul repos into devstack working directory]
2025-08-26 04:20:28.849394 | controller | ok: Item: Runtime: 0:00:00.088713
2025-08-26 04:20:29.257587 | controller | ok: Item: Runtime: 0:00:00.248407
2025-08-26 04:20:30.261891 | controller | ok: Item: Runtime: 0:00:00.845797
2025-08-26 04:20:30.539290 | controller | ok: Item: Runtime: 0:00:00.119937
2025-08-26 04:20:30.848273 | controller | ok: Item: Runtime: 0:00:00.152428
2025-08-26 04:20:31.522240 | controller | ok: Item: Runtime: 0:00:00.516026
2025-08-26 04:20:31.727739 | controller | ok: Item: Runtime: 0:00:00.050683
2025-08-26 04:20:33.381211 | controller | ok: Item: Runtime: 0:00:01.439283
2025-08-26 04:20:33.753568 | controller | ok: Item: Runtime: 0:00:00.213275
2025-08-26 04:20:34.186960 | controller | ok: Item: Runtime: 0:00:00.276893
2025-08-26 04:20:34.419310 | controller | ok: Item: Runtime: 0:00:00.074055
2025-08-26 04:20:34.684468 | controller | ok: Item: Runtime: 0:00:00.109358
2025-08-26 04:20:35.917645 | controller | ok: Item: Runtime: 0:00:01.072076
2025-08-26 04:20:36.968383 | controller | ok: Item: Runtime: 0:00:00.896686
2025-08-26 04:20:36.986275 | 
2025-08-26 04:20:36.986358 | TASK [setup-devstack-source-dirs : Find top level github projects]
2025-08-26 04:20:37.144872 | controller | ok: Not all paths examined, check warnings for details
2025-08-26 04:20:37.150074 | 
2025-08-26 04:20:37.150159 | TASK [setup-devstack-source-dirs : Find actual github repos]
2025-08-26 04:20:37.162971 | controller | skipping: Conditional result was False
2025-08-26 04:20:37.168409 | 
2025-08-26 04:20:37.168484 | LOOP [setup-devstack-source-dirs : Copy github repos into devstack working directory]
2025-08-26 04:20:37.185993 | 
2025-08-26 04:20:37.186139 | LOOP [setup-devstack-source-dirs : Setup refspec for repos into devstack working directory]
2025-08-26 04:20:37.213462 | controller | skipping: Conditional result was False
2025-08-26 04:20:37.213675 | 
2025-08-26 04:20:37.216344 | controller | skipping: Conditional result was False
2025-08-26 04:20:37.219439 | controller | skipping: Conditional result was False
2025-08-26 04:20:37.222534 | controller | skipping: Conditional result was False
2025-08-26 04:20:37.225573 | controller | skipping: Conditional result was False
2025-08-26 04:20:37.228568 | controller | skipping: Conditional result was False
2025-08-26 04:20:37.231637 | controller | skipping: Conditional result was False
2025-08-26 04:20:37.234836 | controller | skipping: Conditional result was False
2025-08-26 04:20:37.237814 | controller | skipping: Conditional result was False
2025-08-26 04:20:37.240802 | controller | skipping: Conditional result was False
2025-08-26 04:20:37.243746 | controller | skipping: Conditional result was False
2025-08-26 04:20:37.246691 | controller | skipping: Conditional result was False
2025-08-26 04:20:37.249658 | controller | skipping: Conditional result was False
2025-08-26 04:20:37.251913 | controller | skipping: Conditional result was False
2025-08-26 04:20:37.270481 | 
2025-08-26 04:20:37.270564 | TASK [setup-devstack-source-dirs : Set ownership of repos]
2025-08-26 04:20:38.517958 | controller | changed
2025-08-26 04:20:38.527616 | 
2025-08-26 04:20:38.527690 | TASK [setup-devstack-log-dir : Create logs directory]
2025-08-26 04:20:38.706334 | controller | changed
2025-08-26 04:20:38.715630 | 
2025-08-26 04:20:38.715702 | TASK [setup-devstack-cache : Copy cached devstack files]
2025-08-26 04:20:39.239443 | controller | ok: Runtime: 0:00:00.016557
2025-08-26 04:20:39.244801 | 
2025-08-26 04:20:39.244884 | TASK [setup-devstack-cache : Set ownership of cached files]
2025-08-26 04:20:39.423826 | controller | changed
2025-08-26 04:20:39.433363 | 
2025-08-26 04:20:39.433431 | TASK [start-fresh-logging : Check for /bin/journalctl file]
2025-08-26 04:20:39.641402 | controller | /usr/bin/journalctl
2025-08-26 04:20:39.977115 | controller | ok: Runtime: 0:00:00.003247
2025-08-26 04:20:39.982451 | 
2025-08-26 04:20:39.982526 | TASK [start-fresh-logging : Get current date]
2025-08-26 04:20:40.178638 | controller | 2025-08-26 04:20:40
2025-08-26 04:20:40.505625 | controller | ok: Runtime: 0:00:00.002862
2025-08-26 04:20:40.510865 | 
2025-08-26 04:20:40.510940 | TASK [start-fresh-logging : Copy current date to log-start-timestamp.txt]
2025-08-26 04:20:40.901339 | controller | changed
2025-08-26 04:20:40.906797 | 
2025-08-26 04:20:40.906866 | TASK [start-fresh-logging : Stop rsyslog]
2025-08-26 04:20:40.919348 | controller | skipping: Conditional result was False
2025-08-26 04:20:40.924454 | 
2025-08-26 04:20:40.924524 | TASK [start-fresh-logging : Save syslog file prior to devstack run]
2025-08-26 04:20:41.447216 | controller | skipping: Conditional result was False
2025-08-26 04:20:41.452893 | 
2025-08-26 04:20:41.452973 | TASK [start-fresh-logging : Save kern.log file prior to devstack run]
2025-08-26 04:20:41.976065 | controller | skipping: Conditional result was False
2025-08-26 04:20:41.981788 | 
2025-08-26 04:20:41.981874 | TASK [start-fresh-logging : Recreate syslog file]
2025-08-26 04:20:41.994482 | controller | skipping: Conditional result was False
2025-08-26 04:20:41.999751 | 
2025-08-26 04:20:41.999822 | TASK [start-fresh-logging : Recreate syslog file owner and group]
2025-08-26 04:20:42.522762 | controller | skipping: Conditional result was False
2025-08-26 04:20:42.528441 | 
2025-08-26 04:20:42.528521 | TASK [start-fresh-logging : Recreate syslog file permissions]
2025-08-26 04:20:43.051577 | controller | skipping: Conditional result was False
2025-08-26 04:20:43.057292 | 
2025-08-26 04:20:43.057374 | TASK [start-fresh-logging : Add read permissions to all on syslog file]
2025-08-26 04:20:43.070076 | controller | skipping: Conditional result was False
2025-08-26 04:20:43.075288 | 
2025-08-26 04:20:43.075357 | TASK [start-fresh-logging : Recreate kern.log file]
2025-08-26 04:20:43.087680 | controller | skipping: Conditional result was False
2025-08-26 04:20:43.092806 | 
2025-08-26 04:20:43.092874 | TASK [start-fresh-logging : Recreate kern.log file owner and group]
2025-08-26 04:20:43.616583 | controller | skipping: Conditional result was False
2025-08-26 04:20:43.622218 | 
2025-08-26 04:20:43.622309 | TASK [start-fresh-logging : Recreate kern.log file permissions]
2025-08-26 04:20:44.145582 | controller | skipping: Conditional result was False
2025-08-26 04:20:44.151217 | 
2025-08-26 04:20:44.151298 | TASK [start-fresh-logging : Add read permissions to all on kern.log file]
2025-08-26 04:20:44.164375 | controller | skipping: Conditional result was False
2025-08-26 04:20:44.170365 | 
2025-08-26 04:20:44.170439 | TASK [start-fresh-logging : Start rsyslog]
2025-08-26 04:20:44.182875 | controller | skipping: Conditional result was False
2025-08-26 04:20:44.192797 | 
2025-08-26 04:20:44.192871 | TASK [write-devstack-local-conf : Write a job-specific local_conf file]
2025-08-26 04:20:44.521178 | controller | ok
2025-08-26 04:20:44.565203 | 
2025-08-26 04:20:44.565281 | PLAY RECAP
2025-08-26 04:20:44.565319 | controller | ok: 37 changed: 24 unreachable: 0 failed: 0 skipped: 18 rescued: 0 ignored: 0
2025-08-26 04:20:44.565337 | 
2025-08-26 04:20:44.650935 | PRE-RUN END RESULT_NORMAL: [untrusted : opendev.org/openstack/devstack/playbooks/pre.yaml@stable/2025.1]
2025-08-26 04:20:44.655258 | PRE-RUN START: [trusted : cinderci-sf.dev.purestorage.com/thirdparty-ci-config/playbooks/devstack/pre-devstack.yaml@master]
2025-08-26 04:20:45.107976 | 
2025-08-26 04:20:45.108077 | PLAY [all]
2025-08-26 04:20:45.125632 | 
2025-08-26 04:20:45.125727 | TASK [Add FQDN to /etc/hosts]
2025-08-26 04:20:45.546670 | controller | changed: line added
2025-08-26 04:20:45.551781 | 
2025-08-26 04:20:45.551865 | TASK [Force IPv4 for apt]
2025-08-26 04:20:45.846702 | controller | Acquire::ForceIPv4 "true";
2025-08-26 04:20:46.076553 | controller | ok: Runtime: 0:00:00.008643
2025-08-26 04:20:46.081548 | 
2025-08-26 04:20:46.081629 | TASK [Install python3-pip]
2025-08-26 04:20:53.141255 | controller | changed
2025-08-26 04:20:53.146293 | 
2025-08-26 04:20:53.146369 | TASK [Find all EXTERNALLY-MANAGED files under /usr/lib]
2025-08-26 04:20:54.042634 | controller | ok: All paths examined
2025-08-26 04:20:54.048033 | 
2025-08-26 04:20:54.048113 | LOOP [Rename each EXTERNALLY-MANAGED file to .old]
2025-08-26 04:20:54.244304 | controller | ok: Item: Runtime: 0:00:00.003040
2025-08-26 04:20:54.257509 | 
2025-08-26 04:20:54.257613 | TASK [Install purestorage sdk in pip]
2025-08-26 04:22:39.060091 | controller | changed
2025-08-26 04:22:39.065533 | 
2025-08-26 04:22:39.065616 | TASK [Debug print "devstack_localrc"]
2025-08-26 04:22:39.092764 | controller | ok:
2025-08-26 04:22:39.092867 | controller | {
2025-08-26 04:22:39.092892 | controller |   "devstack_localrc": {
2025-08-26 04:22:39.092909 | controller |     "ADMIN_PASSWORD": "secretadmin",
2025-08-26 04:22:39.092923 | controller |     "DATABASE_PASSWORD": "secretdatabase",
2025-08-26 04:22:39.092936 | controller |     "DEBUG_LIBVIRT_COREDUMPS": true,
2025-08-26 04:22:39.092950 | controller |     "ENABLE_SYSCTL_MEM_TUNING": true,
2025-08-26 04:22:39.092961 | controller |     "ENABLE_SYSCTL_NET_TUNING": true,
2025-08-26 04:22:39.092973 | controller |     "ENABLE_ZSWAP": true,
2025-08-26 04:22:39.092985 | controller |     "ERROR_ON_CLONE": true,
2025-08-26 04:22:39.092996 | controller |     "FIXED_RANGE": "10.1.0.0/20",
2025-08-26 04:22:39.093011 | controller |     "FLOATING_RANGE": "172.24.5.0/24",
2025-08-26 04:22:39.093024 | controller |     "HOST_IP": "192.168.1.117",
2025-08-26 04:22:39.093036 | controller |     "IMAGE_URLS": "http://download.cirros-cloud.net/0.6.2/cirros-0.6.2-x86_64-disk.img, http://download.cirros-cloud.net/0.6.1/cirros-0.6.1-x86_64-disk.img",
2025-08-26 04:22:39.093049 | controller |     "IPV4_ADDRS_SAFE_TO_USE": "10.1.0.0/20",
2025-08-26 04:22:39.093060 | controller |     "LIBVIRT_TYPE": "qemu",
2025-08-26 04:22:39.093072 | controller |     "LOGFILE": "/opt/stack/logs/devstacklog.txt",
2025-08-26 04:22:39.093083 | controller |     "LOG_COLOR": false,
2025-08-26 04:22:39.093094 | controller |     "NETWORK_GATEWAY": "10.1.0.1",
2025-08-26 04:22:39.093118 | controller |     "NOVA_LIBVIRT_TB_CACHE_SIZE": 128,
2025-08-26 04:22:39.093132 | controller |     "NOVA_VNC_ENABLED": true,
2025-08-26 04:22:39.093144 | controller |     "NOVNC_FROM_PACKAGE": true,
2025-08-26 04:22:39.093155 | controller |     "OVN_DBS_LOG_LEVEL": "dbg",
2025-08-26 04:22:39.093167 | controller |     "PUBLIC_BRIDGE_MTU": 1500,
2025-08-26 04:22:39.093178 | controller |     "PUBLIC_NETWORK_GATEWAY": "172.24.5.1",
2025-08-26 04:22:39.093190 | controller |     "RABBIT_PASSWORD": "secretrabbit",
2025-08-26 04:22:39.093208 | controller |     "SERVICE_HOST": "192.168.1.117",
2025-08-26 04:22:39.093220 | controller |     "SERVICE_PASSWORD": "secretservice",
2025-08-26 04:22:39.093232 | controller |     "SWIFT_HASH": 1234123412341234,
2025-08-26 04:22:39.093243 | controller |     "SWIFT_REPLICAS": 1,
2025-08-26 04:22:39.093254 | controller |     "SWIFT_START_ALL_SERVICES": false,
2025-08-26 04:22:39.093266 | controller |     "VERBOSE": true,
2025-08-26 04:22:39.093277 | controller |     "VERBOSE_NO_TIMESTAMP": true
2025-08-26 04:22:39.093289 | controller |   }
2025-08-26 04:22:39.093304 | controller | }
2025-08-26 04:22:39.097757 | 
2025-08-26 04:22:39.097823 | TASK [Debug print "devstack_local_conf"]
2025-08-26 04:22:39.114939 | controller | ok:
2025-08-26 04:22:39.115043 | controller | {
2025-08-26 04:22:39.115064 | controller |   "devstack_local_conf": {
2025-08-26 04:22:39.115080 | controller |     "post-config": {
2025-08-26 04:22:39.115094 | controller |       "$NEUTRON_CONF": {
2025-08-26 04:22:39.115121 | controller |         "DEFAULT": {
2025-08-26 04:22:39.115134 | controller |           "global_physnet_mtu": 1500
2025-08-26 04:22:39.115146 | controller |         }
2025-08-26 04:22:39.115158 | controller |       }
2025-08-26 04:22:39.115169 | controller |     },
2025-08-26 04:22:39.115180 | controller |     "test-config": {
2025-08-26 04:22:39.115192 | controller |       "$TEMPEST_CONFIG": {
2025-08-26 04:22:39.115203 | controller |         "compute": {
2025-08-26 04:22:39.115215 | controller |           "min_compute_nodes": "1"
2025-08-26 04:22:39.115226 | controller |         },
2025-08-26 04:22:39.115238 | controller |         "service-clients": {
2025-08-26 04:22:39.115249 | controller |           "http_timeout": 90
2025-08-26 04:22:39.115260 | controller |         }
2025-08-26 04:22:39.115271 | controller |       }
2025-08-26 04:22:39.115282 | controller |     }
2025-08-26 04:22:39.115293 | controller |   }
2025-08-26 04:22:39.115304 | controller | }
2025-08-26 04:22:39.119654 | 
2025-08-26 04:22:39.119717 | TASK [Debug print "devstack_plugins"]
2025-08-26 04:22:39.137000 | controller | ok:
2025-08-26 04:22:39.137112 | controller | {
2025-08-26 04:22:39.137135 | controller |   "devstack_plugins": {
2025-08-26 04:22:39.137151 | controller |     "manila": "https://opendev.org/openstack/manila",
2025-08-26 04:22:39.137164 | controller |     "manila-tempest-plugin": "https://opendev.org/openstack/manila-tempest-plugin"
2025-08-26 04:22:39.137177 | controller |   }
2025-08-26 04:22:39.137190 | controller | }
2025-08-26 04:22:39.141392 | 
2025-08-26 04:22:39.141455 | TASK [Debug print "devstack_services"]
2025-08-26 04:22:39.159329 | controller | ok:
2025-08-26 04:22:39.159435 | controller | {
2025-08-26 04:22:39.159457 | controller |   "devstack_services": {
2025-08-26 04:22:39.159473 | controller |     "base": false,
2025-08-26 04:22:39.159487 | controller |     "c-api": true,
2025-08-26 04:22:39.159499 | controller |     "c-bak": true,
2025-08-26 04:22:39.159511 | controller |     "c-sch": true,
2025-08-26 04:22:39.159522 | controller |     "c-vol": true,
2025-08-26 04:22:39.159534 | controller |     "cinder": false,
2025-08-26 04:22:39.159545 | controller |     "dstat": false,
2025-08-26 04:22:39.159556 | controller |     "etcd3": true,
2025-08-26 04:22:39.159577 | controller |     "file_tracker": true,
2025-08-26 04:22:39.159589 | controller |     "g-api": true,
2025-08-26 04:22:39.159600 | controller |     "horizon": false,
2025-08-26 04:22:39.159611 | controller |     "key": true,
2025-08-26 04:22:39.159622 | controller |     "memory_tracker": true,
2025-08-26 04:22:39.159633 | controller |     "mysql": true,
2025-08-26 04:22:39.159644 | controller |     "n-api": true,
2025-08-26 04:22:39.159654 | controller |     "n-api-meta": true,
2025-08-26 04:22:39.159665 | controller |     "n-cond": true,
2025-08-26 04:22:39.159676 | controller |     "n-cpu": true,
2025-08-26 04:22:39.159687 | controller |     "n-novnc": true,
2025-08-26 04:22:39.159698 | controller |     "n-sch": true,
2025-08-26 04:22:39.159713 | controller |     "openstack-cli-server": true,
2025-08-26 04:22:39.159724 | controller |     "ovn-controller": true,
2025-08-26 04:22:39.159735 | controller |     "ovn-northd": true,
2025-08-26 04:22:39.159746 | controller |     "ovs-vswitchd": true,
2025-08-26 04:22:39.159757 | controller |     "ovsdb-server": true,
2025-08-26 04:22:39.159768 | controller |     "placement-api": true,
2025-08-26 04:22:39.159778 | controller |     "q-ovn-metadata-agent": true,
2025-08-26 04:22:39.159789 | controller |     "q-svc": true,
2025-08-26 04:22:39.159800 | controller |     "rabbit": true,
2025-08-26 04:22:39.159812 | controller |     "s-account": false,
2025-08-26 04:22:39.159824 | controller |     "s-container": false,
2025-08-26 04:22:39.159836 | controller |     "s-object": false,
2025-08-26 04:22:39.159850 | controller |     "s-proxy": false,
2025-08-26 04:22:39.159863 | controller |     "tempest": true,
2025-08-26 04:22:39.159874 | controller |     "tls-proxy": true
2025-08-26 04:22:39.159886 | controller |   }
2025-08-26 04:22:39.159897 | controller | }
2025-08-26 04:22:39.176954 | 
2025-08-26 04:22:39.177012 | PLAY RECAP
2025-08-26 04:22:39.177047 | controller | ok: 10 changed: 5 unreachable: 0 failed: 0 skipped: 0 rescued: 0 ignored: 0
2025-08-26 04:22:39.177064 | 
2025-08-26 04:22:39.246625 | PRE-RUN END RESULT_NORMAL: [trusted : cinderci-sf.dev.purestorage.com/thirdparty-ci-config/playbooks/devstack/pre-devstack.yaml@master]
2025-08-26 04:22:39.250912 | RUN START: [trusted : cinderci-sf.dev.purestorage.com/thirdparty-ci-config/playbooks/devstack/pure-manila-devstack.yaml@master]
2025-08-26 04:22:39.720403 | 
2025-08-26 04:22:39.720505 | PLAY [all]
2025-08-26 04:22:39.738310 | 
2025-08-26 04:22:39.738392 | TASK [pure-manila-setup : Generate random share prefix]
2025-08-26 04:22:40.167333 | controller | 5534cd
2025-08-26 04:22:40.261863 | controller | ok: Runtime: 0:00:00.004463
2025-08-26 04:22:40.267240 | 
2025-08-26 04:22:40.267330 | TASK [pure-manila-setup : Set up variables]
2025-08-26 04:22:40.315182 | controller | ok
2025-08-26 04:22:40.338137 | 
2025-08-26 04:22:40.338212 | PLAY [all]
2025-08-26 04:22:40.351486 | 
2025-08-26 04:22:40.351558 | TASK [Merge old and new devstack configs]
2025-08-26 04:22:40.400801 | controller | ok
2025-08-26 04:22:40.407662 | 
2025-08-26 04:22:40.407727 | TASK [Debug print devstack_localrc]
2025-08-26 04:22:40.434789 | controller | ok:
2025-08-26 04:22:40.434893 | controller | {
2025-08-26 04:22:40.434916 | controller |   "devstack_localrc": {
2025-08-26 04:22:40.434934 | controller |     "ACTIVE_TIMEOUT": 500,
2025-08-26 04:22:40.434948 | controller |     "ADMIN_PASSWORD": "secretadmin",
2025-08-26 04:22:40.434965 | controller |     "API_RATE_LIMIT": false,
2025-08-26 04:22:40.434979 | controller |     "ASSOCIATE_TIMEOUT": 500,
2025-08-26 04:22:40.434991 | controller |     "BOOT_TIMEOUT": 500,
2025-08-26 04:22:40.435003 | controller |     "BUILD_TIMEOUT": 500,
2025-08-26 04:22:40.435014 | controller |     "DATABASE_PASSWORD": "secretdatabase",
2025-08-26 04:22:40.435026 | controller |     "DEBUG": true,
2025-08-26 04:22:40.435038 | controller |     "DEBUG_LIBVIRT_COREDUMPS": true,
2025-08-26 04:22:40.435050 | controller |     "ENABLE_SYSCTL_MEM_TUNING": true,
2025-08-26 04:22:40.435062 | controller |     "ENABLE_SYSCTL_NET_TUNING": true,
2025-08-26 04:22:40.435074 | controller |     "ENABLE_ZSWAP": true,
2025-08-26 04:22:40.435085 | controller |     "ERROR_ON_CLONE": true,
2025-08-26 04:22:40.435111 | controller |     "FIXED_RANGE": "10.1.0.0/20",
2025-08-26 04:22:40.435126 | controller |     "FLOATING_RANGE": "172.24.5.0/24",
2025-08-26 04:22:40.435140 | controller |     "GLANCE_ENABLE_QUOTAS": false,
2025-08-26 04:22:40.435152 | controller |     "HOST_IP": "192.168.1.117",
2025-08-26 04:22:40.435164 | controller |     "IMAGE_URLS": "http://download.cirros-cloud.net/0.6.2/cirros-0.6.2-x86_64-disk.img, http://download.cirros-cloud.net/0.6.1/cirros-0.6.1-x86_64-disk.img",
2025-08-26 04:22:40.435177 | controller |     "IPV4_ADDRS_SAFE_TO_USE": "10.1.0.0/20",
2025-08-26 04:22:40.435194 | controller |     "LIBVIRT_TYPE": "qemu",
2025-08-26 04:22:40.435206 | controller |     "LOGFILE": "/opt/stack/logs/devstacklog.txt",
2025-08-26 04:22:40.435217 | controller |     "LOG_COLOR": false,
2025-08-26 04:22:40.435228 | controller |     "MANILA_ALLOW_NAS_SERVER_PORTS_ON_HOST": true,
2025-08-26 04:22:40.435239 | controller |     "MANILA_CONFIGURE_DEFAULT_TYPES": true,
2025-08-26 04:22:40.435250 | controller |     "MANILA_DEFAULT_SHARE_TYPE_EXTRA_SPECS": "snapshot_support=True create_share_from_snapshot_support=False revert_to_snapshot_support=True",
2025-08-26 04:22:40.435263 | controller |     "MANILA_ENABLED_BACKENDS": "flashblade",
2025-08-26 04:22:40.435273 | controller |     "MANILA_INSTALL_TEMPEST_PLUGIN_SYSTEMWIDE": false,
2025-08-26 04:22:40.435284 | controller |     "MANILA_OPTGROUP_flasharray_driver_handles_share_servers": false,
2025-08-26 04:22:40.435295 | controller |     "MANILA_OPTGROUP_flasharray_flasharray_api": "a2fbcd5e-fdd5-29c8-727c-91cd35cdbeee",
2025-08-26 04:22:40.435307 | controller |     "MANILA_OPTGROUP_flasharray_flasharray_eradicate": true,
2025-08-26 04:22:40.435318 | controller |     "MANILA_OPTGROUP_flasharray_flasharray_file_vip": "10.241.127.21",
2025-08-26 04:22:40.435328 | controller |     "MANILA_OPTGROUP_flasharray_flasharray_mgmt_vip": "cinder-fa2.dev.purestorage.com",
2025-08-26 04:22:40.435339 | controller |     "MANILA_OPTGROUP_flasharray_share_driver": "manila.share.drivers.purestorage.flasharray.FlashArrayShareDriver",
2025-08-26 04:22:40.435350 | controller |     "MANILA_OPTGROUP_flashblade_driver_handles_share_servers": false,
2025-08-26 04:22:40.435361 | controller |     "MANILA_OPTGROUP_flashblade_flashblade_api": "T-e832bb16-76fc-4f88-99f2-92a877b0bf58",
2025-08-26 04:22:40.435372 | controller |     "MANILA_OPTGROUP_flashblade_flashblade_data_vip": "10.241.128.51",
2025-08-26 04:22:40.435382 | controller |     "MANILA_OPTGROUP_flashblade_flashblade_eradicate": true,
2025-08-26 04:22:40.435393 | controller |     "MANILA_OPTGROUP_flashblade_flashblade_mgmt_vip": "10.241.127.17",
2025-08-26 04:22:40.435405 | controller |     "MANILA_OPTGROUP_flashblade_share_driver": "manila.share.drivers.purestorage.flashblade.FlashBladeShareDriver",
2025-08-26 04:22:40.435418 | controller |     "MANILA_REPLICA_STATE_UPDATE_INTERVAL": 10,
2025-08-26 04:22:40.435430 | controller |     "MANILA_SERVER_MIGRATION_PERIOD_TASK_INTERVAL": 10,
2025-08-26 04:22:40.435441 | controller |     "MANILA_SERVICE_VM_FLAVOR_RAM": 1024,
2025-08-26 04:22:40.435453 | controller |     "MANILA_SHARE_BACKEND1_NAME": "flashblade",
2025-08-26 04:22:40.435465 | controller |     "MANILA_SHARE_BACKEND2_NAME": "flasharray",
2025-08-26 04:22:40.435476 | controller |     "MANILA_SHARE_MIGRATION_PERIOD_TASK_INTERVAL": 1,
2025-08-26 04:22:40.435487 | controller |     "MANILA_USE_DOWNGRADE_MIGRATIONS": true,
2025-08-26 04:22:40.435499 | controller |     "NETWORK_GATEWAY": "10.1.0.1",
2025-08-26 04:22:40.435511 | controller |     "NOVA_LIBVIRT_TB_CACHE_SIZE": 128,
2025-08-26 04:22:40.435522 | controller |     "NOVA_VNC_ENABLED": true,
