2025-08-08 08:49:20.668275 | Job console starting...
2025-08-08 08:49:20.736950 | Updating repositories
2025-08-08 08:49:21.973668 | Preparing job workspace
2025-08-08 08:49:46.620347 | Running Ansible setup...
2025-08-08 08:49:49.272552 | PRE-RUN START: [trusted : cinderci-sf.dev.purestorage.com/thirdparty-ci-config/playbooks/base/pre.yaml@master]
2025-08-08 08:49:49.842695 | 
2025-08-08 08:49:49.842797 | PLAY [localhost]
2025-08-08 08:49:49.849845 | 
2025-08-08 08:49:49.849937 | TASK [Gathering Facts]
2025-08-08 08:49:50.592922 | localhost | ok
2025-08-08 08:49:50.604626 | 
2025-08-08 08:49:50.604718 | TASK [Setup log path fact]
2025-08-08 08:49:50.620341 | localhost | ok
2025-08-08 08:49:50.630682 | 
2025-08-08 08:49:50.630761 | TASK [set-zuul-log-path-fact : Set log path for a build]
2025-08-08 08:49:50.656424 | localhost | ok
2025-08-08 08:49:50.662789 | 
2025-08-08 08:49:50.662860 | TASK [emit-job-header : Print job information]
2025-08-08 08:49:50.687899 | # Job Information
2025-08-08 08:49:50.688003 | Ansible Version: 2.15.10
2025-08-08 08:49:50.688031 | Job: pure-devstack-manila-tempest-aio-jammy
2025-08-08 08:49:50.688056 | Pipeline: thirdparty-check
2025-08-08 08:49:50.688071 | Executor: managesf.cinderci-sf.dev.purestorage.com
2025-08-08 08:49:50.688086 | Triggered by: https://review.opendev.org/c/openstack/manila/+/944031
2025-08-08 08:49:50.688115 | Log URL (when completed): http://openstack-logs.purestorage.com/1ba/third-party-ci/1ba34dbfc07644a89bc7529243c08210/
2025-08-08 08:49:50.688131 | Event ID: 5ebe82866dc24e5b8042137a8970fa4c
2025-08-08 08:49:50.691296 | 
2025-08-08 08:49:50.691362 | LOOP [emit-job-header : Print node information]
2025-08-08 08:49:50.769531 | localhost | ok:
2025-08-08 08:49:50.769646 | localhost | # Node Information
2025-08-08 08:49:50.769670 | localhost | Inventory Hostname: controller
2025-08-08 08:49:50.769687 | localhost | Hostname: np0000032472
2025-08-08 08:49:50.769702 | localhost | Username: zuul
2025-08-08 08:49:50.769719 | localhost | Distro: Ubuntu 22.04
2025-08-08 08:49:50.769733 | localhost | Provider: cinderci
2025-08-08 08:49:50.769746 | localhost | Region: cinderci
2025-08-08 08:49:50.769759 | localhost | Label: dsvm-jammy-MANILA-aio
2025-08-08 08:49:50.769771 | localhost | Product Name: OpenStack Nova
2025-08-08 08:49:50.769783 | localhost | Interface IP: 192.168.1.105
2025-08-08 08:49:50.779927 | 
2025-08-08 08:49:50.780001 | TASK [log-inventory : Ensure Zuul Ansible directory exists]
2025-08-08 08:49:51.066737 | localhost -> localhost | changed
2025-08-08 08:49:51.074308 | 
2025-08-08 08:49:51.074426 | TASK [log-inventory : Copy ansible inventory to logs dir]
2025-08-08 08:49:51.765848 | localhost -> localhost | changed
2025-08-08 08:49:51.783795 | 
2025-08-08 08:49:51.783898 | PLAY [all]
2025-08-08 08:49:51.798797 | 
2025-08-08 08:49:51.798928 | TASK [include_role : start-zuul-console]
2025-08-08 08:49:51.816660 | controller | ok
2025-08-08 08:49:51.829529 | 
2025-08-08 08:49:51.829640 | TASK [start-zuul-console : Start zuul_console daemon.]
2025-08-08 08:49:52.089997 | controller | ok
2025-08-08 08:49:52.098908 | 
2025-08-08 08:49:52.099007 | TASK [include_role : validate-host]
2025-08-08 08:49:52.116497 | controller | ok
2025-08-08 08:49:52.133344 | 
2025-08-08 08:49:52.133453 | TASK [validate-host : Define zuul_info_dir fact]
2025-08-08 08:49:52.162410 | controller | ok
2025-08-08 08:49:52.167225 | 
2025-08-08 08:49:52.167314 | TASK [validate-host : Ensure Zuul Ansible directory exists]
2025-08-08 08:49:52.351898 | controller -> localhost | ok
2025-08-08 08:49:52.357524 | 
2025-08-08 08:49:52.357602 | TASK [validate-host : Collect information about the host]
2025-08-08 08:49:52.936174 | controller | ok
2025-08-08 08:49:52.944913 | 
2025-08-08 08:49:52.944987 | TASK [validate-host : Sanitize hostname]
2025-08-08 08:49:52.982187 | controller | ok
2025-08-08 08:49:52.987644 | 
2025-08-08 08:49:52.987733 | TASK [validate-host : Write out all ansible variables/facts known for each host]
2025-08-08 08:49:53.374884 | controller -> localhost | changed
2025-08-08 08:49:53.381382 | 
2025-08-08 08:49:53.381471 | TASK [validate-host : Collect information about zuul worker]
2025-08-08 08:49:53.666133 | controller | ok
2025-08-08 08:49:53.670919 | 
2025-08-08 08:49:53.670996 | TASK [validate-host : Write out all zuul information for each host]
2025-08-08 08:49:54.042795 | controller -> localhost | changed
2025-08-08 08:49:54.052853 | 
2025-08-08 08:49:54.052941 | TASK [include_role : prepare-workspace]
2025-08-08 08:49:54.070244 | controller | ok
2025-08-08 08:49:54.087468 | 
2025-08-08 08:49:54.087568 | TASK [prepare-workspace : Start zuul_console daemon.]
2025-08-08 08:49:54.236556 | controller | ok
2025-08-08 08:49:54.242223 | 
2025-08-08 08:49:54.242306 | TASK [prepare-workspace : Synchronize src repos to workspace directory.]
2025-08-08 08:51:07.953747 | controller | Output suppressed because no_log was given
2025-08-08 08:51:07.967025 | 
2025-08-08 08:51:07.967179 | TASK [include_role : add-build-sshkey]
2025-08-08 08:51:07.991177 | controller | ok
2025-08-08 08:51:08.008710 | 
2025-08-08 08:51:08.008809 | TASK [add-build-sshkey : Check to see if ssh key was already created for this build]
2025-08-08 08:51:08.243835 | controller -> localhost | ok
2025-08-08 08:51:08.248592 | 
2025-08-08 08:51:08.248676 | TASK [add-build-sshkey : Create a new key in workspace based on build UUID]
2025-08-08 08:51:08.265560 | controller | ok
2025-08-08 08:51:08.276442 | controller | included: /var/lib/zuul/builds/1ba34dbfc07644a89bc7529243c08210/trusted/project_1/opendev.org/zuul/zuul-jobs/roles/add-build-sshkey/tasks/create-key-and-replace.yaml
2025-08-08 08:51:08.281649 | 
2025-08-08 08:51:08.281729 | TASK [add-build-sshkey : Create Temp SSH key]
2025-08-08 08:51:08.961476 | controller -> localhost | Generating public/private rsa key pair.
2025-08-08 08:51:08.961674 | controller -> localhost | Your identification has been saved in /var/lib/zuul/builds/1ba34dbfc07644a89bc7529243c08210/work/1ba34dbfc07644a89bc7529243c08210_id_rsa.
2025-08-08 08:51:08.961713 | controller -> localhost | Your public key has been saved in /var/lib/zuul/builds/1ba34dbfc07644a89bc7529243c08210/work/1ba34dbfc07644a89bc7529243c08210_id_rsa.pub.
2025-08-08 08:51:08.961738 | controller -> localhost | The key fingerprint is:
2025-08-08 08:51:08.961762 | controller -> localhost | SHA256:E7laE3chn6bC2lfqVyDbViOAf20dTJu4kUG8AlHgnzc zuul-build-sshkey
2025-08-08 08:51:08.961786 | controller -> localhost | The key's randomart image is:
2025-08-08 08:51:08.961808 | controller -> localhost | +---[RSA 3072]----+
2025-08-08 08:51:08.961828 | controller -> localhost | |         +=.+oo. |
2025-08-08 08:51:08.961856 | controller -> localhost | |        oo.o ++oo|
2025-08-08 08:51:08.961878 | controller -> localhost | |        +oo.==.+.|
2025-08-08 08:51:08.961898 | controller -> localhost | |       . =+==.B .|
2025-08-08 08:51:08.961916 | controller -> localhost | |        S .BoE . |
2025-08-08 08:51:08.961934 | controller -> localhost | |       = +.o+ o  |
2025-08-08 08:51:08.961952 | controller -> localhost | |      o . o. .   |
2025-08-08 08:51:08.961969 | controller -> localhost | |         o  .    |
2025-08-08 08:51:08.961987 | controller -> localhost | |          ..     |
2025-08-08 08:51:08.962005 | controller -> localhost | +----[SHA256]-----+
2025-08-08 08:51:08.962045 | controller -> localhost | ok: Runtime: 0:00:00.344408
2025-08-08 08:51:08.967079 | 
2025-08-08 08:51:08.967172 | TASK [add-build-sshkey : Remote setup ssh keys (linux)]
2025-08-08 08:51:08.983953 | controller | ok
2025-08-08 08:51:08.991442 | controller | included: /var/lib/zuul/builds/1ba34dbfc07644a89bc7529243c08210/trusted/project_1/opendev.org/zuul/zuul-jobs/roles/add-build-sshkey/tasks/remote-linux.yaml
2025-08-08 08:51:08.998828 | 
2025-08-08 08:51:08.998905 | TASK [add-build-sshkey : Remove previously added zuul-build-sshkey]
2025-08-08 08:51:09.021870 | controller | skipping: Conditional result was False
2025-08-08 08:51:09.027535 | 
2025-08-08 08:51:09.027615 | TASK [add-build-sshkey : Enable access via build key on all nodes]
2025-08-08 08:51:09.509441 | controller | changed
2025-08-08 08:51:09.513937 | 
2025-08-08 08:51:09.514011 | TASK [add-build-sshkey : Make sure user has a .ssh]
2025-08-08 08:51:09.662168 | controller | ok
2025-08-08 08:51:09.666707 | 
2025-08-08 08:51:09.666780 | TASK [add-build-sshkey : Install build private key as SSH key on all nodes]
2025-08-08 08:51:09.976784 | controller | changed
2025-08-08 08:51:09.981352 | 
2025-08-08 08:51:09.981434 | TASK [add-build-sshkey : Install build public key as SSH key on all nodes]
2025-08-08 08:51:10.291921 | controller | changed
2025-08-08 08:51:10.297286 | 
2025-08-08 08:51:10.297361 | TASK [add-build-sshkey : Remote setup ssh keys (windows)]
2025-08-08 08:51:10.310667 | controller | skipping: Conditional result was False
2025-08-08 08:51:10.315789 | 
2025-08-08 08:51:10.315871 | TASK [remove-zuul-sshkey : Remove master key from local agent]
2025-08-08 08:51:10.622502 | controller -> localhost | changed
2025-08-08 08:51:10.631184 | 
2025-08-08 08:51:10.631261 | TASK [add-build-sshkey : Add back temp key]
2025-08-08 08:51:10.846622 | controller -> localhost | Identity added: /var/lib/zuul/builds/1ba34dbfc07644a89bc7529243c08210/work/1ba34dbfc07644a89bc7529243c08210_id_rsa (zuul-build-sshkey)
2025-08-08 08:51:10.846899 | controller -> localhost | ok: Runtime: 0:00:00.005805
2025-08-08 08:51:10.855647 | 
2025-08-08 08:51:10.855759 | TASK [add-build-sshkey : Verify we can still SSH to all nodes]
2025-08-08 08:51:11.099308 | controller | ok
2025-08-08 08:51:11.103599 | 
2025-08-08 08:51:11.103681 | TASK [add-build-sshkey : Verify we can still SSH to all nodes (windows)]
2025-08-08 08:51:11.126530 | controller | skipping: Conditional result was False
2025-08-08 08:51:11.135028 | 
2025-08-08 08:51:11.135121 | TASK [include_role : prepare-workspace-openshift]
2025-08-08 08:51:11.147582 | controller | skipping: Conditional result was False
2025-08-08 08:51:11.153010 | 
2025-08-08 08:51:11.153077 | TASK [include_role : remove-zuul-sshkey]
2025-08-08 08:51:11.165378 | controller | skipping: Conditional result was False
2025-08-08 08:51:11.170076 | 
2025-08-08 08:51:11.170166 | LOOP [ensure-output-dirs : Empty Zuul Output directories by removing them]
2025-08-08 08:51:11.317247 | controller | ok: "logs"
2025-08-08 08:51:11.317460 | controller | ok: All items complete
2025-08-08 08:51:11.317488 | 
2025-08-08 08:51:11.440047 | controller | ok: "artifacts"
2025-08-08 08:51:11.563362 | controller | ok: "docs"
2025-08-08 08:51:11.571206 | 
2025-08-08 08:51:11.571300 | LOOP [ensure-output-dirs : Ensure Zuul Output directories exist]
2025-08-08 08:51:11.718892 | controller | changed: "logs"
2025-08-08 08:51:11.841537 | controller | changed: "artifacts"
2025-08-08 08:51:11.964318 | controller | changed: "docs"
2025-08-08 08:51:11.987607 | 
2025-08-08 08:51:11.987669 | PLAY RECAP
2025-08-08 08:51:11.987707 | controller | ok: 23 changed: 10 unreachable: 0 failed: 0 skipped: 5 rescued: 0 ignored: 0
2025-08-08 08:51:11.987729 | localhost | ok: 6 changed: 2 unreachable: 0 failed: 0 skipped: 0 rescued: 0 ignored: 0
2025-08-08 08:51:11.987743 | 
2025-08-08 08:51:12.062869 | PRE-RUN END RESULT_NORMAL: [trusted : cinderci-sf.dev.purestorage.com/thirdparty-ci-config/playbooks/base/pre.yaml@master]
2025-08-08 08:51:12.066304 | PRE-RUN START: [untrusted : opendev.org/openstack/devstack/playbooks/pre.yaml@stable/2024.2]
2025-08-08 08:51:12.560741 | 
2025-08-08 08:51:12.560849 | PLAY [all]
2025-08-08 08:51:12.575675 | 
2025-08-08 08:51:12.575769 | TASK [Fix the permissions of the zuul home directory]
2025-08-08 08:51:12.986930 | controller | changed
2025-08-08 08:51:12.992219 | 
2025-08-08 08:51:12.992306 | TASK [Gather minimum local MTU]
2025-08-08 08:51:13.060680 | controller | ok
2025-08-08 08:51:13.065211 | 
2025-08-08 08:51:13.065305 | TASK [Calculate external_bridge_mtu]
2025-08-08 08:51:13.102093 | controller | ok
2025-08-08 08:51:13.114871 | 
2025-08-08 08:51:13.114943 | TASK [configure-swap : Set ephemeral device if /dev/xvde exists]
2025-08-08 08:51:13.137461 | controller | skipping: Conditional result was False
2025-08-08 08:51:13.143246 | 
2025-08-08 08:51:13.143322 | TASK [configure-swap : Get ephemeral0 device node]
2025-08-08 08:51:13.666183 | controller | ok: Runtime: 0:00:00.002719
2025-08-08 08:51:13.671543 | 
2025-08-08 08:51:13.671629 | TASK [configure-swap : Set ephemeral device if LABEL exists]
2025-08-08 08:51:13.694584 | controller | skipping: Conditional result was False
2025-08-08 08:51:13.699796 | 
2025-08-08 08:51:13.699866 | TASK [configure-swap : Setup swap on ephemeral storage]
2025-08-08 08:51:13.722401 | controller | skipping: Conditional result was False
2025-08-08 08:51:13.728206 | 
2025-08-08 08:51:13.728279 | TASK [configure-swap : Setup swap file on root device]
2025-08-08 08:51:13.765159 | controller | ok
2025-08-08 08:51:13.773847 | controller | included: /var/lib/zuul/builds/1ba34dbfc07644a89bc7529243c08210/untrusted/project_1/opendev.org/openstack/openstack-zuul-jobs/roles/configure-swap/tasks/root.yaml
2025-08-08 08:51:13.779491 | 
2025-08-08 08:51:13.779558 | TASK [configure-swap : Calculate required swap]
2025-08-08 08:51:13.816180 | controller | ok
2025-08-08 08:51:13.820967 | 
2025-08-08 08:51:13.821033 | TASK [configure-swap : Get root filesystem]
2025-08-08 08:51:13.979998 | controller | ext4
2025-08-08 08:51:14.344464 | controller | ok: Runtime: 0:00:00.002817
2025-08-08 08:51:14.349692 | 
2025-08-08 08:51:14.349766 | TASK [configure-swap : Save root filesystem]
2025-08-08 08:51:14.367343 | controller | ok
2025-08-08 08:51:14.391267 | 
2025-08-08 08:51:14.391349 | TASK [configure-swap : Debug the root_filesystem variable]
2025-08-08 08:51:14.408347 | controller | ok:
2025-08-08 08:51:14.408454 | controller | {
2025-08-08 08:51:14.408477 | controller |   "root_filesystem": "ext4"
2025-08-08 08:51:14.408495 | controller | }
2025-08-08 08:51:14.412996 | 
2025-08-08 08:51:14.413063 | TASK [configure-swap : Create swap backing file]
2025-08-08 08:51:19.670048 | controller | 8192+0 records in
2025-08-08 08:51:19.670099 | controller | 8192+0 records out
2025-08-08 08:51:19.670105 | controller | 8589934592 bytes (8.6 GB, 8.0 GiB) copied, 5.08361 s, 1.7 GB/s
2025-08-08 08:51:19.942727 | controller | ok: Runtime: 0:00:05.087587
2025-08-08 08:51:19.948125 | 
2025-08-08 08:51:19.948204 | TASK [configure-swap : Ensure swapfile perms]
2025-08-08 08:51:20.096775 | controller | changed
2025-08-08 08:51:20.101758 | 
2025-08-08 08:51:20.101829 | TASK [configure-swap : Make swapfile]
2025-08-08 08:51:20.478348 | controller | Setting up swapspace version 1, size = 8 GiB (8589930496 bytes)
2025-08-08 08:51:20.478435 | controller | no label, UUID=d8baa362-c20c-47ee-aae1-cf3908d6b843
2025-08-08 08:51:20.625792 | controller | ok: Runtime: 0:00:00.215952
2025-08-08 08:51:20.631057 | 
2025-08-08 08:51:20.631145 | TASK [configure-swap : Write swap to fstab]
2025-08-08 08:51:20.890403 | controller | changed
2025-08-08 08:51:20.895331 | 
2025-08-08 08:51:20.895411 | TASK [configure-swap : Add all swap]
2025-08-08 08:51:21.419876 | controller | ok: Runtime: 0:00:00.006070
2025-08-08 08:51:21.425278 | 
2025-08-08 08:51:21.425360 | TASK [configure-swap : Debug the swap_required variable]
2025-08-08 08:51:21.442856 | controller | ok:
2025-08-08 08:51:21.442963 | controller | {
2025-08-08 08:51:21.442984 | controller |   "swap_required": "8192"
2025-08-08 08:51:21.442999 | controller | }
2025-08-08 08:51:21.447623 | 
2025-08-08 08:51:21.447690 | TASK [configure-swap : Set swappiness]
2025-08-08 08:51:21.706728 | controller | changed
2025-08-08 08:51:21.711642 | 
2025-08-08 08:51:21.711731 | TASK [configure-swap : Debug the ephemeral_device variable]
2025-08-08 08:51:21.742909 | controller | ok:
2025-08-08 08:51:21.743045 | controller | {
2025-08-08 08:51:21.743070 | controller |   "ephemeral_device": "VARIABLE IS NOT DEFINED!: 'ephemeral_device' is undefined. 'ephemeral_device' is undefined"
2025-08-08 08:51:21.743090 | controller | }
2025-08-08 08:51:21.752318 | 
2025-08-08 08:51:21.752414 | TASK [setup-stack-user : Create stack group]
2025-08-08 08:51:22.022152 | controller | changed
2025-08-08 08:51:22.027056 | 
2025-08-08 08:51:22.027164 | TASK [setup-stack-user : Create the stack user home folder]
2025-08-08 08:51:22.175857 | controller | changed
2025-08-08 08:51:22.181914 | 
2025-08-08 08:51:22.182002 | TASK [setup-stack-user : Create stack user]
2025-08-08 08:51:22.502729 | controller | changed
2025-08-08 08:51:22.507836 | 
2025-08-08 08:51:22.507913 | TASK [setup-stack-user : Set stack user home directory permissions and ownership]
2025-08-08 08:51:22.656211 | controller | changed
2025-08-08 08:51:22.661699 | 
2025-08-08 08:51:22.661775 | TASK [setup-stack-user : Copy 50_stack_sh file to /etc/sudoers.d]
2025-08-08 08:51:23.305719 | controller | changed
2025-08-08 08:51:23.310826 | 
2025-08-08 08:51:23.310911 | TASK [setup-stack-user : Create .cache folder within BASE]
2025-08-08 08:51:23.459711 | controller | changed
2025-08-08 08:51:23.469233 | 
2025-08-08 08:51:23.469316 | TASK [setup-tempest-user : Create tempest group]
2025-08-08 08:51:23.628958 | controller | changed
2025-08-08 08:51:23.633919 | 
2025-08-08 08:51:23.634008 | TASK [setup-tempest-user : Create tempest user]
2025-08-08 08:51:23.823159 | controller | changed
2025-08-08 08:51:23.828249 | 
2025-08-08 08:51:23.828335 | TASK [setup-tempest-user : Copy 51_tempest_sh to /etc/sudoers.d]
2025-08-08 08:51:24.259964 | controller | changed
2025-08-08 08:51:24.292809 | 
2025-08-08 08:51:24.292906 | TASK [setup-devstack-source-dirs : Find all OpenStack source repos used by this job]
2025-08-08 08:51:24.512557 | controller | ok: Not all paths examined, check warnings for details
2025-08-08 08:51:24.520689 | 
2025-08-08 08:51:24.520758 | LOOP [setup-devstack-source-dirs : Copy Zuul repos into devstack working directory]
2025-08-08 08:51:24.900662 | controller | ok: Item: Runtime: 0:00:00.207777
2025-08-08 08:51:26.405674 | controller | ok: Item: Runtime: 0:00:01.369393
2025-08-08 08:51:26.742209 | controller | ok: Item: Runtime: 0:00:00.196870
2025-08-08 08:51:27.003962 | controller | ok: Item: Runtime: 0:00:00.129518
2025-08-08 08:51:27.222668 | controller | ok: Item: Runtime: 0:00:00.087548
2025-08-08 08:51:27.399514 | controller | ok: Item: Runtime: 0:00:00.048983
2025-08-08 08:51:27.809424 | controller | ok: Item: Runtime: 0:00:00.280589
2025-08-08 08:51:28.155635 | controller | ok: Item: Runtime: 0:00:00.212413
2025-08-08 08:51:30.689001 | controller | ok: Item: Runtime: 0:00:02.401878
2025-08-08 08:51:31.040836 | controller | ok: Item: Runtime: 0:00:00.222122
2025-08-08 08:51:31.276984 | controller | ok: Item: Runtime: 0:00:00.104469
2025-08-08 08:51:31.927679 | controller | ok: Item: Runtime: 0:00:00.522265
2025-08-08 08:51:32.156709 | controller | ok: Item: Runtime: 0:00:00.099536
2025-08-08 08:51:32.414729 | controller | ok: Item: Runtime: 0:00:00.132156
2025-08-08 08:51:32.436143 | 
2025-08-08 08:51:32.436215 | TASK [setup-devstack-source-dirs : Find top level github projects]
2025-08-08 08:51:32.575087 | controller | ok: Not all paths examined, check warnings for details
2025-08-08 08:51:32.580192 | 
2025-08-08 08:51:32.580263 | TASK [setup-devstack-source-dirs : Find actual github repos]
2025-08-08 08:51:32.592626 | controller | skipping: Conditional result was False
2025-08-08 08:51:32.597815 | 
2025-08-08 08:51:32.597888 | LOOP [setup-devstack-source-dirs : Copy github repos into devstack working directory]
2025-08-08 08:51:32.615231 | 
2025-08-08 08:51:32.615345 | LOOP [setup-devstack-source-dirs : Setup refspec for repos into devstack working directory]
2025-08-08 08:51:32.639961 | controller | skipping: Conditional result was False
2025-08-08 08:51:32.640186 | 
2025-08-08 08:51:32.642769 | controller | skipping: Conditional result was False
2025-08-08 08:51:32.645860 | controller | skipping: Conditional result was False
2025-08-08 08:51:32.648895 | controller | skipping: Conditional result was False
2025-08-08 08:51:32.651951 | controller | skipping: Conditional result was False
2025-08-08 08:51:32.654963 | controller | skipping: Conditional result was False
2025-08-08 08:51:32.659234 | controller | skipping: Conditional result was False
2025-08-08 08:51:32.662373 | controller | skipping: Conditional result was False
2025-08-08 08:51:32.665416 | controller | skipping: Conditional result was False
2025-08-08 08:51:32.668358 | controller | skipping: Conditional result was False
2025-08-08 08:51:32.671340 | controller | skipping: Conditional result was False
2025-08-08 08:51:32.674305 | controller | skipping: Conditional result was False
2025-08-08 08:51:32.677431 | controller | skipping: Conditional result was False
2025-08-08 08:51:32.679711 | controller | skipping: Conditional result was False
2025-08-08 08:51:32.699584 | 
2025-08-08 08:51:32.699652 | TASK [setup-devstack-source-dirs : Set ownership of repos]
2025-08-08 08:51:33.936554 | controller | changed
2025-08-08 08:51:33.945913 | 
2025-08-08 08:51:33.945989 | TASK [setup-devstack-log-dir : Create logs directory]
2025-08-08 08:51:34.094675 | controller | changed
2025-08-08 08:51:34.103809 | 
2025-08-08 08:51:34.103877 | TASK [setup-devstack-cache : Copy cached devstack files]
2025-08-08 08:51:34.627189 | controller | ok: Runtime: 0:00:00.015077
2025-08-08 08:51:34.632561 | 
2025-08-08 08:51:34.632637 | TASK [setup-devstack-cache : Set ownership of cached files]
2025-08-08 08:51:34.781497 | controller | changed
2025-08-08 08:51:34.790994 | 
2025-08-08 08:51:34.791066 | TASK [start-fresh-logging : Check for /bin/journalctl file]
2025-08-08 08:51:34.978821 | controller | /usr/bin/journalctl
2025-08-08 08:51:35.314164 | controller | ok: Runtime: 0:00:00.002564
2025-08-08 08:51:35.319108 | 
2025-08-08 08:51:35.319188 | TASK [start-fresh-logging : Get current date]
2025-08-08 08:51:35.499108 | controller | 2025-08-08 08:51:35
2025-08-08 08:51:35.842804 | controller | ok: Runtime: 0:00:00.003782
2025-08-08 08:51:35.848023 | 
2025-08-08 08:51:35.848091 | TASK [start-fresh-logging : Copy current date to log-start-timestamp.txt]
2025-08-08 08:51:36.177846 | controller | changed
2025-08-08 08:51:36.183767 | 
2025-08-08 08:51:36.183835 | TASK [start-fresh-logging : Stop rsyslog]
2025-08-08 08:51:36.196588 | controller | skipping: Conditional result was False
2025-08-08 08:51:36.202258 | 
2025-08-08 08:51:36.202326 | TASK [start-fresh-logging : Save syslog file prior to devstack run]
2025-08-08 08:51:36.725777 | controller | skipping: Conditional result was False
2025-08-08 08:51:36.731582 | 
2025-08-08 08:51:36.731664 | TASK [start-fresh-logging : Save kern.log file prior to devstack run]
2025-08-08 08:51:37.255374 | controller | skipping: Conditional result was False
2025-08-08 08:51:37.261123 | 
2025-08-08 08:51:37.261217 | TASK [start-fresh-logging : Recreate syslog file]
2025-08-08 08:51:37.273948 | controller | skipping: Conditional result was False
2025-08-08 08:51:37.279161 | 
2025-08-08 08:51:37.279231 | TASK [start-fresh-logging : Recreate syslog file owner and group]
2025-08-08 08:51:37.802555 | controller | skipping: Conditional result was False
2025-08-08 08:51:37.808058 | 
2025-08-08 08:51:37.808160 | TASK [start-fresh-logging : Recreate syslog file permissions]
2025-08-08 08:51:38.332304 | controller | skipping: Conditional result was False
2025-08-08 08:51:38.337912 | 
2025-08-08 08:51:38.337993 | TASK [start-fresh-logging : Add read permissions to all on syslog file]
2025-08-08 08:51:38.350659 | controller | skipping: Conditional result was False
2025-08-08 08:51:38.355836 | 
2025-08-08 08:51:38.355908 | TASK [start-fresh-logging : Recreate kern.log file]
2025-08-08 08:51:38.368217 | controller | skipping: Conditional result was False
2025-08-08 08:51:38.373270 | 
2025-08-08 08:51:38.373338 | TASK [start-fresh-logging : Recreate kern.log file owner and group]
2025-08-08 08:51:38.897624 | controller | skipping: Conditional result was False
2025-08-08 08:51:38.903269 | 
2025-08-08 08:51:38.903350 | TASK [start-fresh-logging : Recreate kern.log file permissions]
2025-08-08 08:51:39.427008 | controller | skipping: Conditional result was False
2025-08-08 08:51:39.432655 | 
2025-08-08 08:51:39.432737 | TASK [start-fresh-logging : Add read permissions to all on kern.log file]
2025-08-08 08:51:39.445447 | controller | skipping: Conditional result was False
2025-08-08 08:51:39.450570 | 
2025-08-08 08:51:39.450640 | TASK [start-fresh-logging : Start rsyslog]
2025-08-08 08:51:39.462893 | controller | skipping: Conditional result was False
2025-08-08 08:51:39.472742 | 
2025-08-08 08:51:39.472810 | TASK [write-devstack-local-conf : Write a job-specific local_conf file]
2025-08-08 08:51:39.761967 | controller | ok
2025-08-08 08:51:39.785727 | 
2025-08-08 08:51:39.785791 | PLAY RECAP
2025-08-08 08:51:39.785830 | controller | ok: 37 changed: 24 unreachable: 0 failed: 0 skipped: 18 rescued: 0 ignored: 0
2025-08-08 08:51:39.785847 | 
2025-08-08 08:51:39.867585 | PRE-RUN END RESULT_NORMAL: [untrusted : opendev.org/openstack/devstack/playbooks/pre.yaml@stable/2024.2]
2025-08-08 08:51:39.871926 | PRE-RUN START: [trusted : cinderci-sf.dev.purestorage.com/thirdparty-ci-config/playbooks/devstack/pre-devstack.yaml@master]
2025-08-08 08:51:40.324840 | 
2025-08-08 08:51:40.324947 | PLAY [all]
2025-08-08 08:51:40.342565 | 
2025-08-08 08:51:40.342661 | TASK [Add FQDN to /etc/hosts]
2025-08-08 08:51:40.723371 | controller | changed: line added
2025-08-08 08:51:40.728481 | 
2025-08-08 08:51:40.728571 | TASK [Force IPv4 for apt]
2025-08-08 08:51:41.001389 | controller | Acquire::ForceIPv4 "true";
2025-08-08 08:51:41.253230 | controller | ok: Runtime: 0:00:00.008711
2025-08-08 08:51:41.258198 | 
2025-08-08 08:51:41.258269 | TASK [Install python3-pip]
2025-08-08 08:51:46.873582 | controller | changed
2025-08-08 08:51:46.878601 | 
2025-08-08 08:51:46.878675 | TASK [Find all EXTERNALLY-MANAGED files under /usr/lib]
2025-08-08 08:51:47.703236 | controller | ok: All paths examined
2025-08-08 08:51:47.708714 | 
2025-08-08 08:51:47.708791 | LOOP [Rename each EXTERNALLY-MANAGED file to .old]
2025-08-08 08:51:47.726320 | 
2025-08-08 08:51:47.726442 | TASK [Install purestorage sdk in pip]
2025-08-08 08:53:22.066419 | controller | changed
2025-08-08 08:53:22.071839 | 
2025-08-08 08:53:22.071907 | TASK [Debug print "devstack_localrc"]
2025-08-08 08:53:22.089007 | controller | ok:
2025-08-08 08:53:22.089119 | controller | {
2025-08-08 08:53:22.089143 | controller |   "devstack_localrc": {
2025-08-08 08:53:22.089162 | controller |     "ADMIN_PASSWORD": "secretadmin",
2025-08-08 08:53:22.089176 | controller |     "DATABASE_PASSWORD": "secretdatabase",
2025-08-08 08:53:22.089190 | controller |     "DEBUG_LIBVIRT_COREDUMPS": true,
2025-08-08 08:53:22.089203 | controller |     "ENABLE_SYSCTL_MEM_TUNING": true,
2025-08-08 08:53:22.089215 | controller |     "ENABLE_SYSCTL_NET_TUNING": true,
2025-08-08 08:53:22.089237 | controller |     "ENABLE_ZSWAP": true,
2025-08-08 08:53:22.089250 | controller |     "ERROR_ON_CLONE": true,
2025-08-08 08:53:22.089261 | controller |     "FIXED_RANGE": "10.1.0.0/20",
2025-08-08 08:53:22.089273 | controller |     "FLOATING_RANGE": "172.24.5.0/24",
2025-08-08 08:53:22.089289 | controller |     "HOST_IP": "192.168.1.105",
2025-08-08 08:53:22.089302 | controller |     "IMAGE_URLS": "http://download.cirros-cloud.net/0.6.2/cirros-0.6.2-x86_64-disk.img, http://download.cirros-cloud.net/0.6.1/cirros-0.6.1-x86_64-disk.img",
2025-08-08 08:53:22.089313 | controller |     "IPV4_ADDRS_SAFE_TO_USE": "10.1.0.0/20",
2025-08-08 08:53:22.089325 | controller |     "LIBVIRT_TYPE": "qemu",
2025-08-08 08:53:22.089336 | controller |     "LOGFILE": "/opt/stack/logs/devstacklog.txt",
2025-08-08 08:53:22.089347 | controller |     "LOG_COLOR": false,
2025-08-08 08:53:22.089358 | controller |     "NETWORK_GATEWAY": "10.1.0.1",
2025-08-08 08:53:22.089369 | controller |     "NOVA_LIBVIRT_TB_CACHE_SIZE": 128,
2025-08-08 08:53:22.089381 | controller |     "NOVA_VNC_ENABLED": true,
2025-08-08 08:53:22.089393 | controller |     "NOVNC_FROM_PACKAGE": true,
2025-08-08 08:53:22.089404 | controller |     "OVN_DBS_LOG_LEVEL": "dbg",
2025-08-08 08:53:22.089415 | controller |     "PUBLIC_BRIDGE_MTU": 1500,
2025-08-08 08:53:22.089427 | controller |     "PUBLIC_NETWORK_GATEWAY": "172.24.5.1",
2025-08-08 08:53:22.089438 | controller |     "RABBIT_PASSWORD": "secretrabbit",
2025-08-08 08:53:22.089450 | controller |     "SERVICE_HOST": "192.168.1.105",
2025-08-08 08:53:22.089468 | controller |     "SERVICE_PASSWORD": "secretservice",
2025-08-08 08:53:22.089480 | controller |     "SWIFT_HASH": 1234123412341234,
2025-08-08 08:53:22.089491 | controller |     "SWIFT_REPLICAS": 1,
2025-08-08 08:53:22.089502 | controller |     "SWIFT_START_ALL_SERVICES": false,
2025-08-08 08:53:22.089513 | controller |     "VERBOSE": true,
2025-08-08 08:53:22.089524 | controller |     "VERBOSE_NO_TIMESTAMP": true
2025-08-08 08:53:22.089535 | controller |   }
2025-08-08 08:53:22.089547 | controller | }
2025-08-08 08:53:22.094304 | 
2025-08-08 08:53:22.094372 | TASK [Debug print "devstack_local_conf"]
2025-08-08 08:53:22.111006 | controller | ok:
2025-08-08 08:53:22.111119 | controller | {
2025-08-08 08:53:22.111144 | controller |   "devstack_local_conf": {
2025-08-08 08:53:22.111160 | controller |     "post-config": {
2025-08-08 08:53:22.111174 | controller |       "$NEUTRON_CONF": {
2025-08-08 08:53:22.111187 | controller |         "DEFAULT": {
2025-08-08 08:53:22.111202 | controller |           "global_physnet_mtu": 1500
2025-08-08 08:53:22.111215 | controller |         }
2025-08-08 08:53:22.111236 | controller |       }
2025-08-08 08:53:22.111249 | controller |     },
2025-08-08 08:53:22.111261 | controller |     "test-config": {
2025-08-08 08:53:22.111273 | controller |       "$TEMPEST_CONFIG": {
2025-08-08 08:53:22.111284 | controller |         "compute": {
2025-08-08 08:53:22.111296 | controller |           "min_compute_nodes": "1"
2025-08-08 08:53:22.111309 | controller |         },
2025-08-08 08:53:22.111321 | controller |         "service-clients": {
2025-08-08 08:53:22.111333 | controller |           "http_timeout": 90
2025-08-08 08:53:22.111344 | controller |         }
2025-08-08 08:53:22.111355 | controller |       }
2025-08-08 08:53:22.111366 | controller |     }
2025-08-08 08:53:22.111378 | controller |   }
2025-08-08 08:53:22.111389 | controller | }
2025-08-08 08:53:22.115756 | 
2025-08-08 08:53:22.115818 | TASK [Debug print "devstack_plugins"]
2025-08-08 08:53:22.132266 | controller | ok:
2025-08-08 08:53:22.132365 | controller | {
2025-08-08 08:53:22.132389 | controller |   "devstack_plugins": {
2025-08-08 08:53:22.132405 | controller |     "manila": "https://opendev.org/openstack/manila",
2025-08-08 08:53:22.132419 | controller |     "manila-tempest-plugin": "https://opendev.org/openstack/manila-tempest-plugin"
2025-08-08 08:53:22.132432 | controller |   }
2025-08-08 08:53:22.132445 | controller | }
2025-08-08 08:53:22.136681 | 
2025-08-08 08:53:22.136744 | TASK [Debug print "devstack_services"]
2025-08-08 08:53:22.153283 | controller | ok:
2025-08-08 08:53:22.153386 | controller | {
2025-08-08 08:53:22.153409 | controller |   "devstack_services": {
2025-08-08 08:53:22.153425 | controller |     "base": false,
2025-08-08 08:53:22.153439 | controller |     "c-api": true,
2025-08-08 08:53:22.153451 | controller |     "c-bak": true,
2025-08-08 08:53:22.153464 | controller |     "c-sch": true,
2025-08-08 08:53:22.153476 | controller |     "c-vol": true,
2025-08-08 08:53:22.153487 | controller |     "cinder": false,
2025-08-08 08:53:22.153498 | controller |     "dstat": false,
2025-08-08 08:53:22.153509 | controller |     "etcd3": true,
2025-08-08 08:53:22.153520 | controller |     "file_tracker": true,
2025-08-08 08:53:22.153531 | controller |     "g-api": true,
2025-08-08 08:53:22.153542 | controller |     "horizon": false,
2025-08-08 08:53:22.153554 | controller |     "key": true,
2025-08-08 08:53:22.153565 | controller |     "memory_tracker": true,
2025-08-08 08:53:22.153576 | controller |     "mysql": true,
2025-08-08 08:53:22.153587 | controller |     "n-api": true,
2025-08-08 08:53:22.153598 | controller |     "n-api-meta": true,
2025-08-08 08:53:22.153609 | controller |     "n-cond": true,
2025-08-08 08:53:22.153620 | controller |     "n-cpu": true,
2025-08-08 08:53:22.153630 | controller |     "n-novnc": true,
2025-08-08 08:53:22.153641 | controller |     "n-sch": true,
2025-08-08 08:53:22.153652 | controller |     "openstack-cli-server": true,
2025-08-08 08:53:22.153670 | controller |     "ovn-controller": true,
2025-08-08 08:53:22.153682 | controller |     "ovn-northd": true,
2025-08-08 08:53:22.153694 | controller |     "ovs-vswitchd": true,
2025-08-08 08:53:22.153705 | controller |     "ovsdb-server": true,
2025-08-08 08:53:22.153716 | controller |     "placement-api": true,
2025-08-08 08:53:22.153728 | controller |     "q-ovn-metadata-agent": true,
2025-08-08 08:53:22.153739 | controller |     "q-svc": true,
2025-08-08 08:53:22.153750 | controller |     "rabbit": true,
2025-08-08 08:53:22.153762 | controller |     "s-account": false,
2025-08-08 08:53:22.153775 | controller |     "s-container": false,
2025-08-08 08:53:22.153788 | controller |     "s-object": false,
2025-08-08 08:53:22.153799 | controller |     "s-proxy": false,
2025-08-08 08:53:22.153814 | controller |     "tempest": true,
2025-08-08 08:53:22.153826 | controller |     "tls-proxy": true
2025-08-08 08:53:22.153838 | controller |   }
2025-08-08 08:53:22.153849 | controller | }
2025-08-08 08:53:22.171028 | 
2025-08-08 08:53:22.171080 | PLAY RECAP
2025-08-08 08:53:22.171130 | controller | ok: 9 changed: 4 unreachable: 0 failed: 0 skipped: 1 rescued: 0 ignored: 0
2025-08-08 08:53:22.171149 | 
2025-08-08 08:53:22.237517 | PRE-RUN END RESULT_NORMAL: [trusted : cinderci-sf.dev.purestorage.com/thirdparty-ci-config/playbooks/devstack/pre-devstack.yaml@master]
2025-08-08 08:53:22.241806 | RUN START: [trusted : cinderci-sf.dev.purestorage.com/thirdparty-ci-config/playbooks/devstack/pure-manila-devstack.yaml@master]
2025-08-08 08:53:22.697680 | 
2025-08-08 08:53:22.697774 | PLAY [all]
2025-08-08 08:53:22.715524 | 
2025-08-08 08:53:22.715604 | TASK [pure-manila-setup : Generate random share prefix]
2025-08-08 08:53:23.113376 | controller | d4821c
2025-08-08 08:53:23.239291 | controller | ok: Runtime: 0:00:00.003764
2025-08-08 08:53:23.244385 | 
2025-08-08 08:53:23.244468 | TASK [pure-manila-setup : Set up variables]
2025-08-08 08:53:23.291954 | controller | ok
2025-08-08 08:53:23.314568 | 
2025-08-08 08:53:23.314626 | PLAY [all]
2025-08-08 08:53:23.327774 | 
2025-08-08 08:53:23.327840 | TASK [Merge old and new devstack configs]
2025-08-08 08:53:23.364652 | controller | ok
2025-08-08 08:53:23.369633 | 
2025-08-08 08:53:23.369696 | TASK [Debug print devstack_localrc]
2025-08-08 08:53:23.396489 | controller | ok:
2025-08-08 08:53:23.396586 | controller | {
2025-08-08 08:53:23.396608 | controller |   "devstack_localrc": {
2025-08-08 08:53:23.396628 | controller |     "ACTIVE_TIMEOUT": 500,
2025-08-08 08:53:23.396642 | controller |     "ADMIN_PASSWORD": "secretadmin",
2025-08-08 08:53:23.396658 | controller |     "API_RATE_LIMIT": false,
2025-08-08 08:53:23.396672 | controller |     "ASSOCIATE_TIMEOUT": 500,
2025-08-08 08:53:23.396684 | controller |     "BOOT_TIMEOUT": 500,
2025-08-08 08:53:23.396697 | controller |     "BUILD_TIMEOUT": 500,
2025-08-08 08:53:23.396708 | controller |     "DATABASE_PASSWORD": "secretdatabase",
2025-08-08 08:53:23.396719 | controller |     "DEBUG": true,
2025-08-08 08:53:23.396732 | controller |     "DEBUG_LIBVIRT_COREDUMPS": true,
2025-08-08 08:53:23.396745 | controller |     "ENABLE_SYSCTL_MEM_TUNING": true,
2025-08-08 08:53:23.396757 | controller |     "ENABLE_SYSCTL_NET_TUNING": true,
2025-08-08 08:53:23.396769 | controller |     "ENABLE_ZSWAP": true,
2025-08-08 08:53:23.396780 | controller |     "ERROR_ON_CLONE": true,
2025-08-08 08:53:23.396791 | controller |     "FIXED_RANGE": "10.1.0.0/20",
2025-08-08 08:53:23.396803 | controller |     "FLOATING_RANGE": "172.24.5.0/24",
2025-08-08 08:53:23.396816 | controller |     "GLANCE_ENABLE_QUOTAS": false,
2025-08-08 08:53:23.396828 | controller |     "HOST_IP": "192.168.1.105",
2025-08-08 08:53:23.396839 | controller |     "IMAGE_URLS": "http://download.cirros-cloud.net/0.6.2/cirros-0.6.2-x86_64-disk.img, http://download.cirros-cloud.net/0.6.1/cirros-0.6.1-x86_64-disk.img",
2025-08-08 08:53:23.396851 | controller |     "IPV4_ADDRS_SAFE_TO_USE": "10.1.0.0/20",
2025-08-08 08:53:23.396862 | controller |     "LIBVIRT_TYPE": "qemu",
2025-08-08 08:53:23.396879 | controller |     "LOGFILE": "/opt/stack/logs/devstacklog.txt",
2025-08-08 08:53:23.396892 | controller |     "LOG_COLOR": false,
2025-08-08 08:53:23.396903 | controller |     "MANILA_ALLOW_NAS_SERVER_PORTS_ON_HOST": true,
2025-08-08 08:53:23.396914 | controller |     "MANILA_CONFIGURE_DEFAULT_TYPES": true,
2025-08-08 08:53:23.396926 | controller |     "MANILA_DEFAULT_SHARE_TYPE_EXTRA_SPECS": "snapshot_support=True create_share_from_snapshot_support=False revert_to_snapshot_support=True",
2025-08-08 08:53:23.396938 | controller |     "MANILA_ENABLED_BACKENDS": "flashblade",
2025-08-08 08:53:23.396949 | controller |     "MANILA_INSTALL_TEMPEST_PLUGIN_SYSTEMWIDE": false,
2025-08-08 08:53:23.396960 | controller |     "MANILA_OPTGROUP_flasharray_driver_handles_share_servers": false,
2025-08-08 08:53:23.396972 | controller |     "MANILA_OPTGROUP_flasharray_flasharray_api": "a2fbcd5e-fdd5-29c8-727c-91cd35cdbeee",
2025-08-08 08:53:23.396983 | controller |     "MANILA_OPTGROUP_flasharray_flasharray_eradicate": true,
2025-08-08 08:53:23.396994 | controller |     "MANILA_OPTGROUP_flasharray_flasharray_file_vip": "10.241.127.21",
2025-08-08 08:53:23.397005 | controller |     "MANILA_OPTGROUP_flasharray_flasharray_mgmt_vip": "cinder-fa2.dev.purestorage.com",
2025-08-08 08:53:23.397016 | controller |     "MANILA_OPTGROUP_flasharray_share_driver": "manila.share.drivers.purestorage.flasharray.FlashArrayShareDriver",
2025-08-08 08:53:23.397027 | controller |     "MANILA_OPTGROUP_flashblade_driver_handles_share_servers": false,
2025-08-08 08:53:23.397038 | controller |     "MANILA_OPTGROUP_flashblade_flashblade_api": "T-e832bb16-76fc-4f88-99f2-92a877b0bf58",
2025-08-08 08:53:23.397049 | controller |     "MANILA_OPTGROUP_flashblade_flashblade_data_vip": "10.241.128.51",
2025-08-08 08:53:23.397060 | controller |     "MANILA_OPTGROUP_flashblade_flashblade_eradicate": true,
2025-08-08 08:53:23.397071 | controller |     "MANILA_OPTGROUP_flashblade_flashblade_mgmt_vip": "10.241.127.17",
2025-08-08 08:53:23.397083 | controller |     "MANILA_OPTGROUP_flashblade_share_driver": "manila.share.drivers.purestorage.flashblade.FlashBladeShareDriver",
2025-08-08 08:53:23.397095 | controller |     "MANILA_REPLICA_STATE_UPDATE_INTERVAL": 10,
2025-08-08 08:53:23.397124 | controller |     "MANILA_SERVER_MIGRATION_PERIOD_TASK_INTERVAL": 10,
2025-08-08 08:53:23.397137 | controller |     "MANILA_SERVICE_VM_FLAVOR_RAM": 1024,
2025-08-08 08:53:23.397149 | controller |     "MANILA_SHARE_BACKEND1_NAME": "flashblade",
2025-08-08 08:53:23.397160 | controller |     "MANILA_SHARE_BACKEND2_NAME": "flasharray",
2025-08-08 08:53:23.397170 | controller |     "MANILA_SHARE_MIGRATION_PERIOD_TASK_INTERVAL": 1,
2025-08-08 08:53:23.397182 | controller |     "MANILA_USE_DOWNGRADE_MIGRATIONS": true,
2025-08-08 08:53:23.397195 | controller |     "NETWORK_GATEWAY": "10.1.0.1",
2025-08-08 08:53:23.397207 | controller |     "NOVA_LIBVIRT_TB_CACHE_SIZE": 128,
2025-08-08 08:53:23.397218 | controller |     "NOVA_VNC_ENABLED": true,
2025-08-08 08:53:23.397236 | controller |     "NOVNC_FROM_PACKAGE": true,
